0.0321163 7562.95 873.8 0.131928 2.32245e-09 
0.032117 7562.95 873.8 0.131928 2.32245e-09 
0.0321156 7562.95 873.8 0.131928 2.32245e-09 
0.0321163 7563.13 873.8 0.131928 2.32245e-09 
0.0321163 7562.77 873.8 0.131928 2.32245e-09 
0.0321163 7562.95 873.835 0.131928 2.32245e-09 
0.0321163 7562.95 873.765 0.131928 2.32245e-09 
0.0321163 7562.95 873.8 0.131923 2.32245e-09 
0.0321163 7562.95 873.8 0.131932 2.32245e-09 
0.0321163 7562.95 873.8 0.131921 2.32245e-09 
0.0321163 7562.95 873.8 0.131934 2.32245e-09 
0.0321163 7562.95 873.8 0.131928 2.8461e-09 
0.0321163 7562.95 873.8 0.131928 1.82671e-09 
0.0321163 7562.95 873.8 0.131928 4.03062e-09 
0.0321163 7562.95 873.8 0.131928 8.9402e-10 
0.0301393 7458.5 809.336 0.131988 8.12359e-10 
0.0301399 7458.5 809.336 0.131988 8.12359e-10 
0.0301387 7458.5 809.336 0.131988 8.12359e-10 
0.0301393 7458.65 809.336 0.131988 8.12359e-10 
0.0301393 7458.36 809.336 0.131988 8.12359e-10 
0.0301393 7458.5 809.367 0.131988 8.12359e-10 
0.0301393 7458.5 809.305 0.131988 8.12359e-10 
0.0301393 7458.5 809.336 0.131991 8.12359e-10 
0.0301393 7458.5 809.336 0.131986 8.12359e-10 
0.0301393 7458.5 809.336 0.131988 2.20587e-09 
0.0301393 7458.5 809.336 0.131988 6.83113e-11 
0.0302185 7494.11 798.44 0.131977 9.24155e-10 
0.0302356 7501.77 796.104 0.131974 9.48997e-10 
0.0302361 7501.77 796.104 0.131974 9.48997e-10 
0.030235 7501.77 796.104 0.131974 9.48997e-10 
0.0302356 7501.91 796.104 0.131974 9.48997e-10 
0.0302356 7501.63 796.104 0.131974 9.48997e-10 
0.0302356 7501.77 796.135 0.131974 9.48997e-10 
0.0302356 7501.77 796.072 0.131974 9.48997e-10 
0.0302356 7501.77 796.104 0.131979 9.48997e-10 
0.0302356 7501.77 796.104 0.13197 9.48997e-10 
0.0302356 7501.77 796.104 0.131982 9.48997e-10 
0.0302356 7501.77 796.104 0.131965 9.48997e-10 
0.0302356 7501.77 796.104 0.131974 2.3992e-09 
0.0302356 7501.77 796.104 0.131974 1.14804e-10 
0.0301189 7484.08 792.67 0.131975 8.19023e-10 
0.0301195 7484.08 792.67 0.131975 8.19023e-10 
0.0301184 7484.08 792.67 0.131975 8.19023e-10 
0.0301189 7484.22 792.67 0.131975 8.19023e-10 
0.0301189 7483.94 792.67 0.131975 8.19023e-10 
0.0301189 7484.08 792.701 0.131975 8.19023e-10 
0.0301189 7484.08 792.639 0.131975 8.19023e-10 
0.0301189 7484.08 792.67 0.131983 8.19023e-10 
0.0301189 7484.08 792.67 0.131967 8.19023e-10 
0.0301189 7484.08 792.67 0.131975 2.2155e-09 
0.0301189 7484.08 792.67 0.131975 7.03694e-11 
0.0301165 7486.25 792.258 0.131975 7.79255e-10 
0.0301169 7485.9 792.324 0.131975 7.85561e-10 
0.0301175 7485.9 792.324 0.131975 7.85561e-10 
0.0301163 7485.9 792.324 0.131975 7.85561e-10 
0.0301169 7486.04 792.324 0.131975 7.85561e-10 
0.0301169 7485.76 792.324 0.131975 7.85561e-10 
0.0301169 7485.9 792.355 0.131975 7.85561e-10 
0.0301169 7485.9 792.293 0.131975 7.85561e-10 
0.0301169 7485.9 792.324 0.131982 7.85561e-10 
0.0301169 7485.9 792.324 0.131967 7.85561e-10 
0.0301169 7485.9 792.324 0.131975 2.16687e-09 
0.0301169 7485.9 792.324 0.131975 6.02705e-11 
0.0301178 7486.03 792.339 0.131976 7.46403e-10 
0.0301204 7486.4 792.384 0.13198 6.36961e-10 
0.0301209 7486.4 792.384 0.13198 6.36961e-10 
0.0301198 7486.4 792.384 0.13198 6.36961e-10 
0.0301204 7486.54 792.384 0.13198 6.36961e-10 
0.0301204 7486.26 792.384 0.13198 6.36961e-10 
0.0301204 7486.4 792.415 0.13198 6.36961e-10 
0.0301204 7486.4 792.352 0.13198 6.36961e-10 
0.0301204 7486.4 792.384 0.131986 6.36961e-10 
0.0301204 7486.4 792.384 0.131973 6.36961e-10 
0.0301204 7486.4 792.384 0.13198 1.94302e-09 
0.0301204 7486.4 792.384 0.13198 2.33026e-11 
0.03012 7486.36 792.377 0.131984 5.11381e-10 
0.0301187 7486.19 792.351 0.131996 1.41613e-10 
0.0301173 7486.02 792.324 0.132 4.56118e-13 
0.0301179 7486.02 792.324 0.132 4.56118e-13 
0.0301168 7486.02 792.324 0.132 4.56118e-13 
0.0301173 7486.16 792.324 0.132 4.56118e-13 
0.0301173 7485.88 792.324 0.132 4.56118e-13 
0.0301173 7486.02 792.356 0.132 4.56118e-13 
0.0301173 7486.02 792.293 0.132 4.56118e-13 
0.0301173 7486.02 792.324 0.131999 4.56118e-13 
0.0301173 7486.02 792.324 0.131999 4.56118e-13 
0.0301173 7486.02 792.324 0.132 4.5153e-10 
0.0301173 7486.02 792.324 0.132 3.97623e-10 
0.0301176 7486.03 792.333 0.132 7.83827e-13 
0.0301181 7486.03 792.333 0.132 7.83827e-13 
0.030117 7486.03 792.333 0.132 7.83827e-13 
0.0301176 7486.17 792.333 0.132 7.83827e-13 
0.0301176 7485.89 792.333 0.132 7.83827e-13 
0.0301176 7486.03 792.364 0.132 7.83827e-13 
0.0301176 7486.03 792.302 0.132 7.83827e-13 
0.0301176 7486.03 792.333 0.131999 7.83827e-13 
0.0301176 7486.03 792.333 0.131999 7.83827e-13 
0.0301176 7486.03 792.333 0.132 4.60197e-10 
0.0301176 7486.03 792.333 0.132 3.89532e-10 
0.0180041 9147.1 2714.6 0.135047 6.20038e-09 
0.0175509 9166.86 2631.99 0.135063 5.73141e-09 
0.0163223 9221.92 2357.7 0.135116 4.7235e-09 
0.0165201 9212.9 2406.63 0.135106 2.37479e-09 
0.0166752 9205.88 2443.74 0.135099 8.41086e-10 
0.0166755 9205.88 2443.74 0.135099 8.41086e-10 
0.0166748 9205.88 2443.74 0.135099 8.41086e-10 
0.0166752 9206.06 2443.74 0.135099 8.41086e-10 
0.0166752 9205.69 2443.74 0.135099 8.41086e-10 
0.0166752 9205.88 2443.64 0.135099 8.41086e-10 
0.0166752 9205.88 2443.84 0.135099 8.41086e-10 
0.0166752 9205.88 2443.67 0.135099 8.41086e-10 
0.0166752 9205.88 2443.81 0.135099 8.41086e-10 
0.0166752 9205.88 2443.74 0.135086 8.41086e-10 
0.0166752 9205.88 2443.74 0.135112 8.41086e-10 
0.0166752 9205.88 2443.74 0.135092 8.41086e-10 
0.0166752 9205.88 2443.74 0.135105 8.41086e-10 
0.0166752 9205.88 2443.74 0.135099 2.24725e-09 
0.0166752 9205.88 2443.74 0.135099 7.73449e-11 
0.0166752 9205.88 2443.74 0.135099 1.84191e-09 
0.0166752 9205.88 2443.74 0.135099 1.98447e-10 
0.0163978 9307.94 2319.22 0.135003 4.44292e-09 
0.0164337 9294.66 2335.91 0.135 3.93926e-09 
0.0164482 9289.28 2342.63 0.135 3.73172e-09 
0.0164486 9289.28 2342.63 0.135 3.73172e-09 
0.0164479 9289.28 2342.63 0.135 3.73172e-09 
0.0164482 9289.45 2342.63 0.135 3.73172e-09 
0.0164482 9289.12 2342.63 0.135 3.73172e-09 
0.0164482 9289.28 2342.56 0.135 3.73172e-09 
0.0164482 9289.28 2342.71 0.135 3.73172e-09 
0.0164482 9289.28 2342.63 0.135 3.73172e-09 
0.0164482 9289.28 2342.63 0.135 3.73172e-09 
0.0164482 9289.28 2342.63 0.135 4.93637e-09 
0.0164482 9289.28 2342.63 0.135 2.49259e-09 
0.0167928 9301.45 2404.58 0.135027 4.87575e-10 
0.01712 9312.87 2460.64 0.135108 4.35377e-10 
0.0171203 9312.87 2460.64 0.135108 4.35377e-10 
0.0171197 9312.87 2460.64 0.135108 4.35377e-10 
0.01712 9313.04 2460.64 0.135108 4.35377e-10 
0.01712 9312.71 2460.64 0.135108 4.35377e-10 
0.01712 9312.87 2460.58 0.135108 4.35377e-10 
0.01712 9312.87 2460.7 0.135108 4.35377e-10 
0.01712 9312.87 2460.64 0.135116 4.35377e-10 
0.01712 9312.87 2460.64 0.1351 4.35377e-10 
0.01712 9312.87 2460.64 0.135121 4.35377e-10 
0.01712 9312.87 2460.64 0.135095 4.35377e-10 
0.01712 9312.87 2460.64 0.135108 7.7797e-14 
0.01712 9312.87 2460.64 0.135108 1.61243e-09 
0.0171044 9265.76 2467.41 0.135023 8.12316e-10 
0.0170983 9247.46 2470.03 0.135007 9.86122e-10 
0.0170986 9247.46 2470.03 0.135007 9.86122e-10 
0.0170979 9247.46 2470.03 0.135007 9.86122e-10 
0.0170983 9247.63 2470.03 0.135007 9.86122e-10 
0.0170983 9247.3 2470.03 0.135007 9.86122e-10 
0.0170983 9247.46 2469.97 0.135007 9.86122e-10 
0.0170983 9247.46 2470.1 0.135007 9.86122e-10 
0.0170983 9247.46 2470.03 0.135011 9.86122e-10 
0.0170983 9247.46 2470.03 0.135004 9.86122e-10 
0.0170983 9247.46 2470.03 0.135021 9.86122e-10 
0.0170983 9247.46 2470.03 0.135001 9.86122e-10 
0.0170983 9247.46 2470.03 0.135007 1.28876e-10 
0.0170983 9247.46 2470.03 0.135007 2.45028e-09 
0.0170799 9248.07 2466.3 0.135007 8.27347e-10 
0.0170817 9248.01 2466.68 0.135007 8.42719e-10 
0.0170821 9248.01 2466.68 0.135007 8.42719e-10 
0.0170814 9248.01 2466.68 0.135007 8.42719e-10 
0.0170817 9248.17 2466.68 0.135007 8.42719e-10 
0.0170817 9247.84 2466.68 0.135007 8.42719e-10 
0.0170817 9248.01 2466.61 0.135007 8.42719e-10 
0.0170817 9248.01 2466.74 0.135007 8.42719e-10 
0.0170817 9248.01 2466.68 0.13502 8.42719e-10 
0.0170817 9248.01 2466.68 0.135001 8.42719e-10 
0.0170817 9248.01 2466.68 0.135007 7.7871e-11 
0.0170817 9248.01 2466.68 0.135007 2.24959e-09 
0.0170817 9247.94 2466.71 0.135007 8.27524e-10 
0.0170817 9247.93 2466.72 0.135007 8.25351e-10 
0.017082 9247.93 2466.72 0.135007 8.25351e-10 
0.0170813 9247.93 2466.72 0.135007 8.25351e-10 
0.0170817 9248.1 2466.72 0.135007 8.25351e-10 
0.0170817 9247.77 2466.72 0.135007 8.25351e-10 
0.0170817 9247.93 2466.65 0.135007 8.25351e-10 
0.0170817 9247.93 2466.78 0.135007 8.25351e-10 
0.0170817 9247.93 2466.72 0.135018 8.25351e-10 
0.0170817 9247.93 2466.72 0.135001 8.25351e-10 
0.0170817 9247.93 2466.72 0.135007 7.23448e-11 
0.0170817 9247.93 2466.72 0.135007 2.22463e-09 
0.0170817 9247.93 2466.72 0.135007 8.10923e-10 
0.0170817 9247.94 2466.71 0.135007 7.54323e-10 
0.0170817 9247.95 2466.71 0.135009 6.208e-10 
0.0170816 9247.98 2466.7 0.135013 2.93225e-10 
0.0170816 9248.08 2466.66 0.135033 4.78229e-11 
0.0170813 9248.36 2466.54 0.135142 4.61274e-09 
0.0170807 9248.99 2466.27 0.135651 4.85503e-10 
0.0170811 9248.99 2466.27 0.135651 4.85503e-10 
0.0170804 9248.99 2466.27 0.135651 4.85503e-10 
0.0170807 9249.16 2466.27 0.135651 4.85503e-10 
0.0170807 9248.82 2466.27 0.135651 4.85503e-10 
0.0170807 9248.99 2466.2 0.135651 4.85503e-10 
0.0170807 9248.99 2466.34 0.135651 4.85503e-10 
0.0170807 9248.99 2466.27 0.135737 4.85503e-10 
0.0170807 9248.99 2466.27 0.13557 4.85503e-10 
0.0170807 9248.99 2466.27 0.135779 4.85503e-10 
0.0170807 9248.99 2466.27 0.135533 4.85503e-10 
0.0170807 9248.99 2466.27 0.135651 2.21459e-12 
0.0170807 9248.99 2466.27 0.135651 1.69828e-09 
0.0170807 9248.99 2466.27 0.135651 4.85503e-10 
0.0170811 9248.99 2466.27 0.135651 4.85503e-10 
0.0170804 9248.99 2466.27 0.135651 4.85503e-10 
0.0170807 9249.16 2466.27 0.135651 4.85503e-10 
0.0170807 9248.82 2466.27 0.135651 4.85503e-10 
0.0170807 9248.99 2466.2 0.135651 4.85503e-10 
0.0170807 9248.99 2466.34 0.135651 4.85503e-10 
0.0170807 9248.99 2466.27 0.135779 4.85503e-10 
0.0170807 9248.99 2466.27 0.135533 4.85503e-10 
0.0170807 9248.99 2466.27 0.135651 2.21459e-12 
0.0170807 9248.99 2466.27 0.135651 1.69828e-09 
0.0170808 9248.99 2466.27 0.135651 4.85503e-10 
0.0170807 9248.99 2466.27 0.135651 4.85503e-10 
0.0170807 9249.02 2466.27 0.135651 4.85503e-10 
0.0170807 9248.96 2466.27 0.135651 4.85503e-10 
0.0170807 9248.99 2466.26 0.135651 4.85503e-10 
0.0170807 9248.99 2466.28 0.135651 4.85503e-10 
0.0170807 9248.99 2466.27 0.135675 4.85503e-10 
0.0170807 9248.99 2466.27 0.135626 4.85503e-10 
0.0170807 9248.99 2466.27 0.135651 3.23798e-10 
0.0170807 9248.99 2466.27 0.135651 6.76979e-10 
0.0170811 9249.16 2466.27 0.135651 4.85503e-10 
0.0170811 9248.99 2466.2 0.135651 4.85503e-10 
0.0170807 9249.16 2466.2 0.135651 4.85503e-10 
0.0170811 9248.99 2466.27 0.135779 4.85503e-10 
0.0170807 9249.16 2466.27 0.135779 4.85503e-10 
0.0170807 9248.99 2466.2 0.135779 4.85503e-10 
0.0170811 9248.99 2466.27 0.135651 2.21459e-12 
0.0170807 9249.16 2466.27 0.135651 2.21459e-12 
0.0170807 9248.99 2466.2 0.135651 2.21459e-12 
0.0170807 9248.99 2466.27 0.135779 2.21459e-12 
0.0170732 9248.93 2465.56 0.137361 4.85357e-10 
0.0170429 9248.69 2462.73 0.149671 4.8477e-10 
0.016974 9248.15 2456.23 0.140755 4.83432e-10 
0.0170084 9248.42 2459.48 0.153951 4.84101e-10 
0.0169744 9248.16 2456.26 0.140909 4.83439e-10 
0.0169914 9248.29 2457.87 0.148368 4.8377e-10 
0.017018 9248.5 2460.38 0.154995 4.84287e-10 
0.0169918 9248.29 2457.91 0.148527 4.83777e-10 
0.0170001 9248.36 2458.7 0.151702 4.83939e-10 
0.0170088 9248.42 2459.48 0.153951 4.84101e-10 
0.0170081 9248.42 2459.48 0.153951 4.84101e-10 
0.0170084 9248.59 2459.48 0.153951 4.84101e-10 
0.0170084 9248.26 2459.48 0.153951 4.84101e-10 
0.0170084 9248.42 2459.41 0.153951 4.84101e-10 
0.0170084 9248.42 2459.55 0.153951 4.84101e-10 
0.0170084 9248.42 2459.48 0.15379 4.84101e-10 
0.0170084 9248.42 2459.48 0.1541 4.84101e-10 
0.0170084 9248.42 2459.48 0.153951 2.11739e-12 
0.0170084 9248.42 2459.48 0.153951 1.69591e-09 
0.0212274 9456.49 2094.43 0.135 9.79209e-12 
0.0197183 9683.72 1761.42 0.135 6.06135e-09 
0.0219882 9346.27 2262.13 0.135 4.17501e-09 
0.0212283 9456.49 2094.43 0.135 9.79209e-12 
0.0212265 9456.49 2094.43 0.135 9.79209e-12 
0.0212278 9456.49 2094.43 0.135 9.79209e-12 
0.0212269 9456.49 2094.43 0.135 9.79209e-12 
0.0212274 9456.75 2094.43 0.135 9.79209e-12 
0.0212274 9456.23 2094.43 0.135 9.79209e-12 
0.0212274 9456.65 2094.43 0.135 9.79209e-12 
0.0212274 9456.33 2094.43 0.135 9.79209e-12 
0.0212274 9456.49 2094.54 0.135 9.79209e-12 
0.0212274 9456.49 2094.31 0.135 9.79209e-12 
0.0212274 9456.49 2094.43 0.135 9.79209e-12 
0.0212274 9456.49 2094.43 0.135001 9.79209e-12 
0.0212274 9456.49 2094.43 0.135 2.3177e-10 
0.0212274 9456.49 2094.43 0.135 8.15844e-11 
0.0212274 9456.49 2094.43 0.135 5.57571e-10 
0.0212274 9456.49 2094.43 0.135 3.07969e-10 
0.0210319 9474.91 2063.82 0.135 2.83662e-10 
0.0210324 9474.91 2063.82 0.135 2.83662e-10 
0.0210315 9474.91 2063.82 0.135 2.83662e-10 
0.0210319 9475.07 2063.82 0.135 2.83662e-10 
0.0210319 9474.75 2063.82 0.135 2.83662e-10 
0.0210319 9474.91 2063.92 0.135 2.83662e-10 
0.0210319 9474.91 2063.73 0.135 2.83662e-10 
0.0210319 9474.91 2063.82 0.135 2.83662e-10 
0.0210319 9474.91 2063.82 0.135001 2.83662e-10 
0.0210319 9474.91 2063.82 0.135 2.83662e-10 
0.0210319 9474.91 2063.82 0.135002 2.83662e-10 
0.0210319 9474.91 2063.82 0.135 1.3314e-09 
0.0210319 9474.91 2063.82 0.135 1.48297e-11 
0.0210062 9480.61 2064.33 0.135 3.03918e-10 
0.0210036 9481.19 2064.38 0.135 3.0602e-10 
0.021004 9481.19 2064.38 0.135 3.0602e-10 
0.0210031 9481.19 2064.38 0.135 3.0602e-10 
0.0210036 9481.35 2064.38 0.135 3.0602e-10 
0.0210036 9481.03 2064.38 0.135 3.0602e-10 
0.0210036 9481.19 2064.47 0.135 3.0602e-10 
0.0210036 9481.19 2064.29 0.135 3.0602e-10 
0.0210036 9481.19 2064.38 0.135 3.0602e-10 
0.0210036 9481.19 2064.38 0.135002 3.0602e-10 
0.0210036 9481.19 2064.38 0.135002 3.0602e-10 
0.0210036 9481.19 2064.38 0.135004 3.0602e-10 
0.0210036 9481.19 2064.38 0.135 1.37532e-09 
0.0210036 9481.19 2064.38 0.135 1.01511e-11 
0.0210298 9462.66 2080.17 0.135 8.30736e-11 
0.0210797 9427.45 2110.31 0.135 4.93408e-11 
0.0210801 9427.45 2110.31 0.135 4.93408e-11 
0.0210793 9427.45 2110.31 0.135 4.93408e-11 
0.0210797 9427.6 2110.31 0.135 4.93408e-11 
0.0210797 9427.29 2110.31 0.135 4.93408e-11 
0.0210797 9427.45 2110.4 0.135 4.93408e-11 
0.0210797 9427.45 2110.22 0.135 4.93408e-11 
0.0210797 9427.45 2110.31 0.135002 4.93408e-11 
0.0210797 9427.45 2110.31 0.135004 4.93408e-11 
0.0210797 9427.45 2110.31 0.135 1.88133e-10 
0.0210797 9427.45 2110.31 0.135 7.46821e-10 
0.0211263 9420.71 2123.68 0.135 1.60257e-10 
0.0213028 9395.29 2174.34 0.135 1.10147e-09 
0.0213032 9395.29 2174.34 0.135 1.10147e-09 
0.0213023 9395.29 2174.34 0.135 1.10147e-09 
0.0213028 9395.45 2174.34 0.135 1.10147e-09 
0.0213028 9395.13 2174.34 0.135 1.10147e-09 
0.0213028 9395.29 2174.43 0.135 1.10147e-09 
0.0213028 9395.29 2174.25 0.135 1.10147e-09 
0.0213028 9395.29 2174.34 0.135004 1.10147e-09 
0.0213028 9395.29 2174.34 0.135007 1.10147e-09 
0.0213028 9395.29 2174.34 0.135 1.76058e-10 
0.0213028 9395.29 2174.34 0.135 2.60556e-09 
0.021304 9396.13 2172.98 0.135 1.06738e-09 
0.0213044 9396.13 2172.98 0.135 1.06738e-09 
0.0213035 9396.13 2172.98 0.135 1.06738e-09 
0.021304 9396.29 2172.98 0.135 1.06738e-09 
0.021304 9395.97 2172.98 0.135 1.06738e-09 
0.021304 9396.13 2173.07 0.135 1.06738e-09 
0.021304 9396.13 2172.89 0.135 1.06738e-09 
0.021304 9396.13 2172.98 0.135007 1.06738e-09 
0.021304 9396.13 2172.98 0.135011 1.06738e-09 
0.021304 9396.13 2172.98 0.135 1.61592e-10 
0.021304 9396.13 2172.98 0.135 2.56018e-09 
0.0213087 9394.38 2174.89 0.135 1.12284e-09 
0.021309 9394.29 2174.98 0.135 1.12565e-09 
0.0213094 9394.29 2174.98 0.135 1.12565e-09 
0.0213085 9394.29 2174.98 0.135 1.12565e-09 
0.021309 9394.45 2174.98 0.135 1.12565e-09 
0.021309 9394.13 2174.98 0.135 1.12565e-09 
0.021309 9394.29 2175.07 0.135 1.12565e-09 
0.021309 9394.29 2174.89 0.135 1.12565e-09 
0.021309 9394.29 2174.98 0.135014 1.12565e-09 
0.021309 9394.29 2174.98 0.13502 1.12565e-09 
0.021309 9394.29 2174.98 0.135 1.86565e-10 
0.021309 9394.29 2174.98 0.135 2.63749e-09 
0.0180041 9147.1 2714.6 0.135047 6.20038e-09 
0.0175509 9166.86 2631.99 0.135063 5.73141e-09 
0.0163223 9221.92 2357.7 0.135116 4.7235e-09 
0.0165201 9212.9 2406.63 0.135106 2.37479e-09 
0.0166752 9205.88 2443.74 0.135099 8.41086e-10 
0.0166755 9205.88 2443.74 0.135099 8.41086e-10 
0.0166748 9205.88 2443.74 0.135099 8.41086e-10 
0.0166752 9206.06 2443.74 0.135099 8.41086e-10 
0.0166752 9205.69 2443.74 0.135099 8.41086e-10 
0.0166752 9205.88 2443.64 0.135099 8.41086e-10 
0.0166752 9205.88 2443.84 0.135099 8.41086e-10 
0.0166752 9205.88 2443.67 0.135099 8.41086e-10 
0.0166752 9205.88 2443.81 0.135099 8.41086e-10 
0.0166752 9205.88 2443.74 0.135086 8.41086e-10 
0.0166752 9205.88 2443.74 0.135112 8.41086e-10 
0.0166752 9205.88 2443.74 0.135092 8.41086e-10 
0.0166752 9205.88 2443.74 0.135105 8.41086e-10 
0.0166752 9205.88 2443.74 0.135099 2.24725e-09 
0.0166752 9205.88 2443.74 0.135099 7.73449e-11 
0.0166752 9205.88 2443.74 0.135099 1.84191e-09 
0.0166752 9205.88 2443.74 0.135099 1.98447e-10 
0.0163978 9307.94 2319.22 0.135003 4.44292e-09 
0.0164337 9294.66 2335.91 0.135 3.93926e-09 
0.0164482 9289.28 2342.63 0.135 3.73172e-09 
0.0164486 9289.28 2342.63 0.135 3.73172e-09 
0.0164479 9289.28 2342.63 0.135 3.73172e-09 
0.0164482 9289.45 2342.63 0.135 3.73172e-09 
0.0164482 9289.12 2342.63 0.135 3.73172e-09 
0.0164482 9289.28 2342.56 0.135 3.73172e-09 
0.0164482 9289.28 2342.71 0.135 3.73172e-09 
0.0164482 9289.28 2342.63 0.135 3.73172e-09 
0.0164482 9289.28 2342.63 0.135 3.73172e-09 
0.0164482 9289.28 2342.63 0.135 4.93637e-09 
0.0164482 9289.28 2342.63 0.135 2.49259e-09 
0.0167928 9301.45 2404.58 0.135027 4.87575e-10 
0.01712 9312.87 2460.64 0.135108 4.35377e-10 
0.0171203 9312.87 2460.64 0.135108 4.35377e-10 
0.0171197 9312.87 2460.64 0.135108 4.35377e-10 
0.01712 9313.04 2460.64 0.135108 4.35377e-10 
0.01712 9312.71 2460.64 0.135108 4.35377e-10 
0.01712 9312.87 2460.58 0.135108 4.35377e-10 
0.01712 9312.87 2460.7 0.135108 4.35377e-10 
0.01712 9312.87 2460.64 0.135116 4.35377e-10 
0.01712 9312.87 2460.64 0.1351 4.35377e-10 
0.01712 9312.87 2460.64 0.135121 4.35377e-10 
0.01712 9312.87 2460.64 0.135095 4.35377e-10 
0.01712 9312.87 2460.64 0.135108 7.7797e-14 
0.01712 9312.87 2460.64 0.135108 1.61243e-09 
0.0171044 9265.76 2467.41 0.135023 8.12316e-10 
0.0170983 9247.46 2470.03 0.135007 9.86122e-10 
0.0170986 9247.46 2470.03 0.135007 9.86122e-10 
0.0170979 9247.46 2470.03 0.135007 9.86122e-10 
0.0170983 9247.63 2470.03 0.135007 9.86122e-10 
0.0170983 9247.3 2470.03 0.135007 9.86122e-10 
0.0170983 9247.46 2469.97 0.135007 9.86122e-10 
0.0170983 9247.46 2470.1 0.135007 9.86122e-10 
0.0170983 9247.46 2470.03 0.135011 9.86122e-10 
0.0170983 9247.46 2470.03 0.135004 9.86122e-10 
0.0170983 9247.46 2470.03 0.135021 9.86122e-10 
0.0170983 9247.46 2470.03 0.135001 9.86122e-10 
0.0170983 9247.46 2470.03 0.135007 1.28876e-10 
0.0170983 9247.46 2470.03 0.135007 2.45028e-09 
0.0170799 9248.07 2466.3 0.135007 8.27347e-10 
0.0170817 9248.01 2466.68 0.135007 8.42719e-10 
0.0170821 9248.01 2466.68 0.135007 8.42719e-10 
0.0170814 9248.01 2466.68 0.135007 8.42719e-10 
0.0170817 9248.17 2466.68 0.135007 8.42719e-10 
0.0170817 9247.84 2466.68 0.135007 8.42719e-10 
0.0170817 9248.01 2466.61 0.135007 8.42719e-10 
0.0170817 9248.01 2466.74 0.135007 8.42719e-10 
0.0170817 9248.01 2466.68 0.13502 8.42719e-10 
0.0170817 9248.01 2466.68 0.135001 8.42719e-10 
0.0170817 9248.01 2466.68 0.135007 7.7871e-11 
0.0170817 9248.01 2466.68 0.135007 2.24959e-09 
0.0170817 9247.94 2466.71 0.135007 8.27524e-10 
0.0170817 9247.93 2466.72 0.135007 8.25351e-10 
0.017082 9247.93 2466.72 0.135007 8.25351e-10 
0.0170813 9247.93 2466.72 0.135007 8.25351e-10 
0.0170817 9248.1 2466.72 0.135007 8.25351e-10 
0.0170817 9247.77 2466.72 0.135007 8.25351e-10 
0.0170817 9247.93 2466.65 0.135007 8.25351e-10 
0.0170817 9247.93 2466.78 0.135007 8.25351e-10 
0.0170817 9247.93 2466.72 0.135018 8.25351e-10 
0.0170817 9247.93 2466.72 0.135001 8.25351e-10 
0.0170817 9247.93 2466.72 0.135007 7.23448e-11 
0.0170817 9247.93 2466.72 0.135007 2.22463e-09 
0.0170817 9247.93 2466.72 0.135007 8.10923e-10 
0.0170817 9247.94 2466.71 0.135007 7.54323e-10 
0.0170817 9247.95 2466.71 0.135009 6.208e-10 
0.0170816 9247.98 2466.7 0.135013 2.93225e-10 
0.0170816 9248.08 2466.66 0.135033 4.78229e-11 
0.0170813 9248.36 2466.54 0.135142 4.61274e-09 
0.0170807 9248.99 2466.27 0.135651 4.85503e-10 
0.0170811 9248.99 2466.27 0.135651 4.85503e-10 
0.0170804 9248.99 2466.27 0.135651 4.85503e-10 
0.0170807 9249.16 2466.27 0.135651 4.85503e-10 
0.0170807 9248.82 2466.27 0.135651 4.85503e-10 
0.0170807 9248.99 2466.2 0.135651 4.85503e-10 
0.0170807 9248.99 2466.34 0.135651 4.85503e-10 
0.0170807 9248.99 2466.27 0.135737 4.85503e-10 
0.0170807 9248.99 2466.27 0.13557 4.85503e-10 
0.0170807 9248.99 2466.27 0.135779 4.85503e-10 
0.0170807 9248.99 2466.27 0.135533 4.85503e-10 
0.0170807 9248.99 2466.27 0.135651 2.21459e-12 
0.0170807 9248.99 2466.27 0.135651 1.69828e-09 
0.0170807 9248.99 2466.27 0.135651 4.85503e-10 
0.0170811 9248.99 2466.27 0.135651 4.85503e-10 
0.0170804 9248.99 2466.27 0.135651 4.85503e-10 
0.0170807 9249.16 2466.27 0.135651 4.85503e-10 
0.0170807 9248.82 2466.27 0.135651 4.85503e-10 
0.0170807 9248.99 2466.2 0.135651 4.85503e-10 
0.0170807 9248.99 2466.34 0.135651 4.85503e-10 
0.0170807 9248.99 2466.27 0.135779 4.85503e-10 
0.0170807 9248.99 2466.27 0.135533 4.85503e-10 
0.0170807 9248.99 2466.27 0.135651 2.21459e-12 
0.0170807 9248.99 2466.27 0.135651 1.69828e-09 
0.0170808 9248.99 2466.27 0.135651 4.85503e-10 
0.0170807 9248.99 2466.27 0.135651 4.85503e-10 
0.0170807 9249.02 2466.27 0.135651 4.85503e-10 
0.0170807 9248.96 2466.27 0.135651 4.85503e-10 
0.0170807 9248.99 2466.26 0.135651 4.85503e-10 
0.0170807 9248.99 2466.28 0.135651 4.85503e-10 
0.0170807 9248.99 2466.27 0.135675 4.85503e-10 
0.0170807 9248.99 2466.27 0.135626 4.85503e-10 
0.0170807 9248.99 2466.27 0.135651 3.23798e-10 
0.0170807 9248.99 2466.27 0.135651 6.76979e-10 
0.0170811 9249.16 2466.27 0.135651 4.85503e-10 
0.0170811 9248.99 2466.2 0.135651 4.85503e-10 
0.0170807 9249.16 2466.2 0.135651 4.85503e-10 
0.0170811 9248.99 2466.27 0.135779 4.85503e-10 
0.0170807 9249.16 2466.27 0.135779 4.85503e-10 
0.0170807 9248.99 2466.2 0.135779 4.85503e-10 
0.0170811 9248.99 2466.27 0.135651 2.21459e-12 
0.0170807 9249.16 2466.27 0.135651 2.21459e-12 
0.0170807 9248.99 2466.2 0.135651 2.21459e-12 
0.0170807 9248.99 2466.27 0.135779 2.21459e-12 
0.0170732 9248.93 2465.56 0.137361 4.85357e-10 
0.0170429 9248.69 2462.73 0.149671 4.8477e-10 
0.016974 9248.15 2456.23 0.140755 4.83432e-10 
0.0170084 9248.42 2459.48 0.153951 4.84101e-10 
0.0169744 9248.16 2456.26 0.140909 4.83439e-10 
0.0169914 9248.29 2457.87 0.148368 4.8377e-10 
0.017018 9248.5 2460.38 0.154995 4.84287e-10 
0.0169918 9248.29 2457.91 0.148527 4.83777e-10 
0.0170001 9248.36 2458.7 0.151702 4.83939e-10 
0.0170088 9248.42 2459.48 0.153951 4.84101e-10 
0.0170081 9248.42 2459.48 0.153951 4.84101e-10 
0.0170084 9248.59 2459.48 0.153951 4.84101e-10 
0.0170084 9248.26 2459.48 0.153951 4.84101e-10 
0.0170084 9248.42 2459.41 0.153951 4.84101e-10 
0.0170084 9248.42 2459.55 0.153951 4.84101e-10 
0.0170084 9248.42 2459.48 0.15379 4.84101e-10 
0.0170084 9248.42 2459.48 0.1541 4.84101e-10 
0.0170084 9248.42 2459.48 0.153951 2.11739e-12 
0.0170084 9248.42 2459.48 0.153951 1.69591e-09 
0.0188408 3915.32 328.646 0.149248 6.00312e-09 
0.0182619 3913.49 286.139 0.151033 6.65095e-09 
0.0177517 3911.85 250.318 0.152411 6.91426e-09 
0.0175442 3911.17 236.224 0.152905 6.92827e-09 
0.0175447 3911.17 236.224 0.152905 6.92827e-09 
0.0175436 3911.17 236.224 0.152905 6.92827e-09 
0.0175442 3911.28 236.224 0.152905 6.92827e-09 
0.0175442 3911.07 236.224 0.152905 6.92827e-09 
0.0175442 3911.17 236.248 0.152905 6.92827e-09 
0.0175442 3911.17 236.2 0.152905 6.92827e-09 
0.0175442 3911.17 236.224 0.152831 6.92827e-09 
0.0175442 3911.17 236.224 0.152977 6.92827e-09 
0.0175442 3911.17 236.224 0.152905 6.74043e-09 
0.0175442 3911.17 236.224 0.152905 6.66255e-09 
0.0180643 3923.31 246.722 0.15176 6.9151e-09 
0.0177242 3915.4 239.854 0.15253 6.92516e-09 
0.0177247 3915.4 239.854 0.15253 6.92516e-09 
0.0177238 3915.4 239.854 0.15253 6.92516e-09 
0.0177242 3915.49 239.854 0.15253 6.92516e-09 
0.0177242 3915.3 239.854 0.15253 6.92516e-09 
0.0177242 3915.4 239.888 0.15253 6.92516e-09 
0.0177242 3915.4 239.82 0.15253 6.92516e-09 
0.0177242 3915.4 239.854 0.15247 6.92516e-09 
0.0177242 3915.4 239.854 0.152591 6.92516e-09 
0.0177242 3915.4 239.854 0.152147 6.92516e-09 
0.0177242 3915.4 239.854 0.15289 6.92516e-09 
0.0177242 3915.4 239.854 0.15253 6.58937e-09 
0.0177242 3915.4 239.854 0.15253 6.41377e-09 
0.017672 3926.49 232.226 0.152653 6.91148e-09 
0.0175801 3946.12 219.042 0.152862 6.86588e-09 
0.0175806 3946.12 219.042 0.152862 6.86588e-09 
0.0175797 3946.12 219.042 0.152862 6.86588e-09 
0.0175801 3946.21 219.042 0.152862 6.86588e-09 
0.0175801 3946.02 219.042 0.152862 6.86588e-09 
0.0175801 3946.12 219.074 0.152862 6.86588e-09 
0.0175801 3946.12 219.01 0.152862 6.86588e-09 
0.0175801 3946.12 219.042 0.152502 6.86588e-09 
0.0175801 3946.12 219.042 0.153197 6.86588e-09 
0.0175801 3946.12 219.042 0.152754 6.86588e-09 
0.0175801 3946.12 219.042 0.152968 6.86588e-09 
0.0175801 3946.12 219.042 0.152862 6.76766e-09 
0.0175801 3946.12 219.042 0.152862 6.13144e-09 
0.0173758 3930.47 207.47 0.153198 6.76361e-09 
0.0173479 3928.34 205.909 0.153242 6.74597e-09 
0.0173483 3928.34 205.909 0.153242 6.74597e-09 
0.0173475 3928.34 205.909 0.153242 6.74597e-09 
0.0173479 3928.43 205.909 0.153242 6.74597e-09 
0.0173479 3928.24 205.909 0.153242 6.74597e-09 
0.0173479 3928.34 205.941 0.153242 6.74597e-09 
0.0173479 3928.34 205.876 0.153242 6.74597e-09 
0.0173479 3928.34 205.909 0.153143 6.74597e-09 
0.0173479 3928.34 205.909 0.153338 6.74597e-09 
0.0173479 3928.34 205.909 0.153242 6.8785e-09 
0.0173479 3928.34 205.909 0.153242 5.81015e-09 
0.0173507 3930.36 204.478 0.153269 6.727e-09 
0.017351 3930.58 204.32 0.153271 6.72485e-09 
0.0173514 3930.58 204.32 0.153271 6.72485e-09 
0.0173506 3930.58 204.32 0.153271 6.72485e-09 
0.017351 3930.67 204.32 0.153271 6.72485e-09 
0.017351 3930.49 204.32 0.153271 6.72485e-09 
0.017351 3930.58 204.354 0.153271 6.72485e-09 
0.017351 3930.58 204.287 0.153271 6.72485e-09 
0.017351 3930.58 204.32 0.153175 6.72485e-09 
0.017351 3930.58 204.32 0.153365 6.72485e-09 
0.017351 3930.58 204.32 0.153271 6.88891e-09 
0.017351 3930.58 204.32 0.153271 5.76266e-09 
0.0173401 3931.49 203.239 0.153332 6.71396e-09 
0.0173392 3931.57 203.147 0.153338 6.71302e-09 
0.0173396 3931.57 203.147 0.153338 6.71302e-09 
0.0173388 3931.57 203.147 0.153338 6.71302e-09 
0.0173392 3931.66 203.147 0.153338 6.71302e-09 
0.0173392 3931.48 203.147 0.153338 6.71302e-09 
0.0173392 3931.57 203.181 0.153338 6.71302e-09 
0.0173392 3931.57 203.114 0.153338 6.71302e-09 
0.0173392 3931.57 203.147 0.153218 6.71302e-09 
0.0173392 3931.57 203.147 0.153453 6.71302e-09 
0.0173392 3931.57 203.147 0.153338 6.89402e-09 
0.0173392 3931.57 203.147 0.153338 5.73678e-09 
0.0173385 3931.52 203.106 0.153376 6.71157e-09 
0.0173355 3931.29 202.941 0.153527 6.70572e-09 
0.0173281 3930.72 202.53 0.153875 6.69077e-09 
0.0173232 3930.34 202.26 0.154079 6.68071e-09 
0.0173236 3930.34 202.26 0.154079 6.68071e-09 
0.0173228 3930.34 202.26 0.154079 6.68071e-09 
0.0173232 3930.43 202.26 0.154079 6.68071e-09 
0.0173232 3930.25 202.26 0.154079 6.68071e-09 
0.0173232 3930.34 202.294 0.154079 6.68071e-09 
0.0173232 3930.34 202.227 0.154079 6.68071e-09 
0.0173232 3930.34 202.26 0.153992 6.68071e-09 
0.0173232 3930.34 202.26 0.154162 6.68071e-09 
0.0173232 3930.34 202.26 0.154079 6.90576e-09 
0.0173232 3930.34 202.26 0.154079 5.66835e-09 
0.0173236 3930.74 202.289 0.154493 6.66555e-09 
0.017325 3932.03 202.383 0.154988 6.61301e-09 
0.0173247 3931.71 202.36 0.15499 6.62664e-09 
0.0173251 3931.71 202.36 0.15499 6.62664e-09 
0.0173242 3931.71 202.36 0.15499 6.62664e-09 
0.0173247 3931.8 202.36 0.15499 6.62664e-09 
0.0173247 3931.61 202.36 0.15499 6.62664e-09 
0.0173247 3931.71 202.393 0.15499 6.62664e-09 
0.0173247 3931.71 202.326 0.15499 6.62664e-09 
0.0173247 3931.71 202.36 0.154978 6.62664e-09 
0.0173247 3931.71 202.36 0.154998 6.62664e-09 
0.0173247 3931.71 202.36 0.15499 6.91935e-09 
0.0173247 3931.71 202.36 0.15499 5.55985e-09 
0.0173342 3931.85 202.952 0.15499 6.63175e-09 
0.0173346 3931.85 202.952 0.15499 6.63175e-09 
0.0173337 3931.85 202.952 0.15499 6.63175e-09 
0.0173342 3931.94 202.952 0.15499 6.63175e-09 
0.0173342 3931.76 202.952 0.15499 6.63175e-09 
0.0173342 3931.85 202.986 0.15499 6.63175e-09 
0.0173342 3931.85 202.919 0.15499 6.63175e-09 
0.0173342 3931.85 202.952 0.154977 6.63175e-09 
0.0173342 3931.85 202.952 0.154998 6.63175e-09 
0.0173342 3931.85 202.952 0.15499 6.91834e-09 
0.0173342 3931.85 202.952 0.15499 5.56982e-09 
0.0173335 3931.81 202.913 0.155 6.62441e-09 
0.0173333 3931.8 202.901 0.155 6.62215e-09 
0.0173337 3931.8 202.901 0.155 6.62215e-09 
0.0173328 3931.8 202.901 0.155 6.62215e-09 
0.0173333 3931.89 202.901 0.155 6.62215e-09 
0.0173333 3931.71 202.901 0.155 6.62215e-09 
0.0173333 3931.8 202.935 0.155 6.62215e-09 
0.0173333 3931.8 202.868 0.155 6.62215e-09 
0.0173333 3931.8 202.901 0.154997 6.62215e-09 
0.0173333 3931.8 202.901 0.154997 6.62215e-09 
0.0173333 3931.8 202.901 0.155 6.92019e-09 
0.0173333 3931.8 202.901 0.155 5.55113e-09 
0.0173331 3931.76 202.884 0.155 6.62052e-09 
0.0173335 3931.76 202.884 0.155 6.62052e-09 
0.0173326 3931.76 202.884 0.155 6.62052e-09 
0.0173331 3931.85 202.884 0.155 6.62052e-09 
0.0173331 3931.67 202.884 0.155 6.62052e-09 
0.0173331 3931.76 202.918 0.155 6.62052e-09 
0.0173331 3931.76 202.85 0.155 6.62052e-09 
0.0173331 3931.76 202.884 0.154997 6.62052e-09 
0.0173331 3931.76 202.884 0.154997 6.62052e-09 
0.0173331 3931.76 202.884 0.155 6.92048e-09 
0.0173331 3931.76 202.884 0.155 5.54798e-09 
0.0241091 11004.3 6905.25 0.153605 5.18656e-12 
0.0241086 11004.3 6905.25 0.153605 5.18656e-12 
0.0241097 11004.3 6905.25 0.153605 5.18656e-12 
0.0241091 11004.5 6905.25 0.153605 5.18656e-12 
0.0241091 11004 6905.25 0.153605 5.18656e-12 
0.0241091 11004.3 6905.32 0.153605 5.18656e-12 
0.0241091 11004.3 6905.17 0.153605 5.18656e-12 
0.0241091 11004.3 6905.25 0.153505 5.18656e-12 
0.0241091 11004.3 6905.25 0.153703 5.18656e-12 
0.0241091 11004.3 6905.25 0.153564 5.18656e-12 
0.0241091 11004.3 6905.25 0.153646 5.18656e-12 
0.0241091 11004.3 6905.25 0.153605 4.60736e-10 
0.0241091 11004.3 6905.25 0.153605 2.9014e-10 
0.0241973 11002.5 6918.81 0.154167 5.26858e-12 
0.0241652 11003.1 6913.9 0.154977 5.23872e-12 
0.0241647 11003.1 6913.9 0.154977 5.23872e-12 
0.0241658 11003.1 6913.9 0.154977 5.23872e-12 
0.0241652 11003.4 6913.9 0.154977 5.23872e-12 
0.0241652 11002.9 6913.9 0.154977 5.23872e-12 
0.0241652 11003.1 6913.98 0.154977 5.23872e-12 
0.0241652 11003.1 6913.83 0.154977 5.23872e-12 
0.0241652 11003.1 6913.9 0.154982 5.23872e-12 
0.0241652 11003.1 6913.9 0.154971 5.23872e-12 
0.0241652 11003.1 6913.9 0.154977 5.20088e-10 
0.0241652 11003.1 6913.9 0.154977 3.3746e-10 
0.0241913 11011.9 6915.36 0.155 5.27589e-12 
0.0241908 11011.9 6915.36 0.155 5.27589e-12 
0.0241919 11011.9 6915.36 0.155 5.27589e-12 
0.0241913 11012.2 6915.36 0.155 5.27589e-12 
0.0241913 11011.7 6915.36 0.155 5.27589e-12 
0.0241913 11011.9 6915.44 0.155 5.27589e-12 
0.0241913 11011.9 6915.29 0.155 5.27589e-12 
0.0241913 11011.9 6915.36 0.155 5.27589e-12 
0.0241913 11011.9 6915.36 0.154999 5.27589e-12 
0.0241913 11011.9 6915.36 0.155 4.40157e-10 
0.0241913 11011.9 6915.36 0.155 2.72385e-10 
0.02419 11011.6 6915.25 0.155 5.29993e-12 
0.0241899 11011.6 6915.23 0.155 5.30305e-12 
0.0241893 11011.6 6915.23 0.155 5.30305e-12 
0.0241904 11011.6 6915.23 0.155 5.30305e-12 
0.0241899 11011.8 6915.23 0.155 5.30305e-12 
0.0241899 11011.3 6915.23 0.155 5.30305e-12 
0.0241899 11011.6 6915.31 0.155 5.30305e-12 
0.0241899 11011.6 6915.16 0.155 5.30305e-12 
0.0241899 11011.6 6915.23 0.155 5.30305e-12 
0.0241899 11011.6 6915.23 0.155 5.30305e-12 
0.0241899 11011.6 6915.23 0.155 4.02432e-10 
0.0241899 11011.6 6915.23 0.155 2.42169e-10 
0.0241899 11011.6 6915.24 0.155 5.32894e-12 
0.0241894 11011.6 6915.24 0.155 5.32894e-12 
0.0241905 11011.6 6915.24 0.155 5.32894e-12 
0.0241899 11011.8 6915.24 0.155 5.32894e-12 
0.0241899 11011.4 6915.24 0.155 5.32894e-12 
0.0241899 11011.6 6915.31 0.155 5.32894e-12 
0.0241899 11011.6 6915.16 0.155 5.32894e-12 
0.0241899 11011.6 6915.24 0.155 5.32894e-12 
0.0241899 11011.6 6915.24 0.155 5.32894e-12 
0.0241899 11011.6 6915.24 0.155 4.05523e-10 
0.0241899 11011.6 6915.24 0.155 2.44252e-10 
0.0229906 11712.6 6813.7 0.135 5.07504e-09 
0.0236137 11638.9 6879.25 0.135 3.38841e-09 
0.0236145 11638.9 6879.25 0.135 3.38841e-09 
0.0236128 11638.9 6879.25 0.135 3.38841e-09 
0.0236142 11638.9 6879.25 0.135 3.38841e-09 
0.0236131 11638.9 6879.25 0.135 3.38841e-09 
0.0236137 11639.2 6879.25 0.135 3.38841e-09 
0.0236137 11638.6 6879.25 0.135 3.38841e-09 
0.0236137 11638.9 6879.34 0.135 3.38841e-09 
0.0236137 11638.9 6879.16 0.135 3.38841e-09 
0.0236137 11638.9 6879.25 0.135001 3.38841e-09 
0.0236137 11638.9 6879.25 0.135 3.38841e-09 
0.0236137 11638.9 6879.25 0.135002 3.38841e-09 
0.0236137 11638.9 6879.25 0.135 3.38841e-09 
0.0236137 11638.9 6879.25 0.135 2.7516e-09 
0.0236137 11638.9 6879.25 0.135 4.02785e-09 
0.0236137 11638.9 6879.25 0.135 1.73698e-09 
0.0236137 11638.9 6879.25 0.135 5.05859e-09 
0.0226267 11371 6832.36 0.135 2.94626e-10 
0.0227408 11402.1 6837.83 0.135 5.99067e-09 
0.0227413 11402.1 6837.83 0.135 5.99067e-09 
0.0227403 11402.1 6837.83 0.135 5.99067e-09 
0.0227408 11402.4 6837.83 0.135 5.99067e-09 
0.0227408 11401.9 6837.83 0.135 5.99067e-09 
0.0227408 11402.1 6837.92 0.135 5.99067e-09 
0.0227408 11402.1 6837.75 0.135 5.99067e-09 
0.0227408 11402.1 6837.83 0.135001 5.99067e-09 
0.0227408 11402.1 6837.83 0.135 5.99067e-09 
0.0227408 11402.1 6837.83 0.135 6.81877e-09 
0.0227408 11402.1 6837.83 0.135 4.5442e-09 
0.0227408 11402.1 6837.83 0.135 6.4864e-09 
0.0227408 11402.1 6837.83 0.135 5.34715e-09 
0.0226945 11295.8 6839.72 0.135 2.65241e-09 
0.0226882 11281.3 6839.98 0.135 6.59988e-09 
0.0226886 11281.3 6839.98 0.135 6.59988e-09 
0.0226877 11281.3 6839.98 0.135 6.59988e-09 
0.0226882 11281.5 6839.98 0.135 6.59988e-09 
0.0226882 11281.1 6839.98 0.135 6.59988e-09 
0.0226882 11281.3 6840.07 0.135 6.59988e-09 
0.0226882 11281.3 6839.89 0.135 6.59988e-09 
0.0226882 11281.3 6839.98 0.135002 6.59988e-09 
0.0226882 11281.3 6839.98 0.135 6.59988e-09 
0.0226882 11281.3 6839.98 0.135001 6.59988e-09 
0.0226882 11281.3 6839.98 0.135 6.59988e-09 
0.0226882 11281.3 6839.98 0.135 6.16988e-09 
0.0226882 11281.3 6839.98 0.135 6.85745e-09 
0.0225241 11306.4 6796.79 0.135 3.87282e-09 
0.022075 11375.9 6677.98 0.135 1.91004e-09 
0.0220754 11375.9 6677.98 0.135 1.91004e-09 
0.0220745 11375.9 6677.98 0.135 1.91004e-09 
0.022075 11376.1 6677.98 0.135 1.91004e-09 
0.022075 11375.6 6677.98 0.135 1.91004e-09 
0.022075 11375.9 6678.06 0.135 1.91004e-09 
0.022075 11375.9 6677.89 0.135 1.91004e-09 
0.022075 11375.9 6677.98 0.135001 1.91004e-09 
0.022075 11375.9 6677.98 0.135 1.91004e-09 
0.022075 11375.9 6677.98 0.135003 1.91004e-09 
0.022075 11375.9 6677.98 0.135 1.91004e-09 
0.022075 11375.9 6677.98 0.135 2.73635e-09 
0.022075 11375.9 6677.98 0.135 1.18312e-09 
0.022075 11375.9 6677.98 0.135 3.58493e-09 
0.022075 11375.9 6677.98 0.135 6.1585e-10 
0.0220322 11377.1 6667.37 0.135 1.29313e-09 
0.0220275 11377.2 6666.22 0.135 1.23148e-09 
0.0220279 11377.2 6666.22 0.135 1.23148e-09 
0.0220271 11377.2 6666.22 0.135 1.23148e-09 
0.0220275 11377.4 6666.22 0.135 1.23148e-09 
0.0220275 11377 6666.22 0.135 1.23148e-09 
0.0220275 11377.2 6666.3 0.135 1.23148e-09 
0.0220275 11377.2 6666.14 0.135 1.23148e-09 
0.0220275 11377.2 6666.22 0.135003 1.23148e-09 
0.0220275 11377.2 6666.22 0.135 1.23148e-09 
0.0220275 11377.2 6666.22 0.135 2.77494e-09 
0.0220275 11377.2 6666.22 0.135 2.34868e-10 
0.0220269 11377.3 6666.09 0.135 1.12195e-09 
0.0220273 11377.3 6666.09 0.135 1.12195e-09 
0.0220265 11377.3 6666.09 0.135 1.12195e-09 
0.0220269 11377.5 6666.09 0.135 1.12195e-09 
0.0220269 11377.1 6666.09 0.135 1.12195e-09 
0.0220269 11377.3 6666.17 0.135 1.12195e-09 
0.0220269 11377.3 6666 0.135 1.12195e-09 
0.0220269 11377.3 6666.09 0.135003 1.12195e-09 
0.0220269 11377.3 6666.09 0.135 1.12195e-09 
0.0220269 11377.3 6666.09 0.135 2.63262e-09 
0.0220269 11377.3 6666.09 0.135 1.84944e-10 
0.0220269 11377.3 6666.09 0.135 9.93041e-10 
0.022027 11377.4 6666.08 0.135 5.46774e-10 
0.0220272 11377.4 6666.08 0.135 9.76329e-11 
0.0220272 11377.4 6666.08 0.135 1.30282e-10 
0.0220276 11377.4 6666.08 0.135 1.30282e-10 
0.0220267 11377.4 6666.08 0.135 1.30282e-10 
0.0220272 11377.6 6666.08 0.135 1.30282e-10 
0.0220272 11377.2 6666.08 0.135 1.30282e-10 
0.0220272 11377.4 6666.16 0.135 1.30282e-10 
0.0220272 11377.4 6666 0.135 1.30282e-10 
0.0220272 11377.4 6666.08 0.135003 1.30282e-10 
0.0220272 11377.4 6666.08 0.135 1.30282e-10 
0.0220272 11377.4 6666.08 0.135 9.89751e-10 
0.0220272 11377.4 6666.08 0.135 8.72683e-11 
0.022027 11377.4 6666.09 0.135 6.70128e-12 
0.0220269 11377.3 6666.09 0.135 2.3491e-12 
0.0220274 11377.3 6666.09 0.135 2.3491e-12 
0.0220265 11377.3 6666.09 0.135 2.3491e-12 
0.0220269 11377.5 6666.09 0.135 2.3491e-12 
0.0220269 11377.1 6666.09 0.135 2.3491e-12 
0.0220269 11377.3 6666.17 0.135 2.3491e-12 
0.0220269 11377.3 6666.01 0.135 2.3491e-12 
0.0220269 11377.3 6666.09 0.135003 2.3491e-12 
0.0220269 11377.3 6666.09 0.135001 2.3491e-12 
0.0220269 11377.3 6666.09 0.135 3.65078e-10 
0.0220269 11377.3 6666.09 0.135 4.87398e-10 
0.0220269 11377.3 6666.09 0.135 2.3491e-12 
0.0220274 11377.3 6666.09 0.135 2.3491e-12 
0.0220265 11377.3 6666.09 0.135 2.3491e-12 
0.0220269 11377.5 6666.09 0.135 2.3491e-12 
0.0220269 11377.1 6666.09 0.135 2.3491e-12 
0.0220269 11377.3 6666.17 0.135 2.3491e-12 
0.0220269 11377.3 6666.01 0.135 2.3491e-12 
0.0220269 11377.3 6666.09 0.135003 2.3491e-12 
0.0220269 11377.3 6666.09 0.135001 2.3491e-12 
0.0220269 11377.3 6666.09 0.135 3.65078e-10 
0.0220269 11377.3 6666.09 0.135 4.87398e-10 
0.022027 11377.3 6666.09 0.135 2.3491e-12 
0.0220269 11377.3 6666.09 0.135 2.3491e-12 
0.0220269 11377.4 6666.09 0.135 2.3491e-12 
0.0220269 11377.3 6666.09 0.135 2.3491e-12 
0.0220269 11377.3 6666.11 0.135 2.3491e-12 
0.0220269 11377.3 6666.07 0.135 2.3491e-12 
0.0220269 11377.3 6666.09 0.135001 2.3491e-12 
0.0220269 11377.3 6666.09 0.135 2.3491e-12 
0.0220269 11377.3 6666.09 0.135 6.91232e-12 
0.0220269 11377.3 6666.09 0.135 3.23835e-11 
0.0220274 11377.5 6666.09 0.135 2.3491e-12 
0.0220274 11377.3 6666.17 0.135 2.3491e-12 
0.0220269 11377.5 6666.17 0.135 2.3491e-12 
0.0220274 11377.3 6666.09 0.135003 2.3491e-12 
0.0220269 11377.5 6666.09 0.135003 2.3491e-12 
0.0220269 11377.3 6666.17 0.135003 2.3491e-12 
0.0220274 11377.3 6666.09 0.135 3.65078e-10 
0.0220269 11377.5 6666.09 0.135 3.65078e-10 
0.0220269 11377.3 6666.17 0.135 3.65078e-10 
0.0220269 11377.3 6666.09 0.135003 3.65078e-10 
0.022027 11377.3 6666.09 0.135 1.33632e-15 
0.0220274 11377.3 6666.09 0.135 1.33632e-15 
0.0220265 11377.3 6666.09 0.135 1.33632e-15 
0.022027 11377.5 6666.09 0.135 1.33632e-15 
0.022027 11377.1 6666.09 0.135 1.33632e-15 
0.022027 11377.3 6666.18 0.135 1.33632e-15 
0.022027 11377.3 6666.01 0.135 1.33632e-15 
0.022027 11377.3 6666.09 0.135002 1.33632e-15 
0.022027 11377.3 6666.09 0.135002 1.33632e-15 
0.022027 11377.3 6666.09 0.135 4.25637e-10 
0.022027 11377.3 6666.09 0.135 4.22719e-10 
0.024262 11004.3 6922.57 0.148943 1.4382e-09 
0.0242799 11015.5 6920.07 0.154255 9.78163e-11 
0.0242793 11015.5 6920.07 0.154255 9.78163e-11 
0.0242805 11015.5 6920.07 0.154255 9.78163e-11 
0.0242799 11015.8 6920.07 0.154255 9.78163e-11 
0.0242799 11015.3 6920.07 0.154255 9.78163e-11 
0.0242799 11015.5 6920.15 0.154255 9.78163e-11 
0.0242799 11015.5 6920 0.154255 9.78163e-11 
0.0242799 11015.5 6920.07 0.154222 9.78163e-11 
0.0242799 11015.5 6920.07 0.154286 9.78163e-11 
0.0242799 11015.5 6920.07 0.154255 7.69257e-10 
0.0242799 11015.5 6920.07 0.154255 7.11379e-11 
0.024284 11018.1 6919.5 0.154778 1.38541e-09 
0.0242834 11018.1 6919.5 0.154778 1.38541e-09 
0.0242845 11018.1 6919.5 0.154778 1.38541e-09 
0.024284 11018.3 6919.5 0.154778 1.38541e-09 
0.024284 11017.8 6919.5 0.154778 1.38541e-09 
0.024284 11018.1 6919.58 0.154778 1.38541e-09 
0.024284 11018.1 6919.43 0.154778 1.38541e-09 
0.024284 11018.1 6919.5 0.154758 1.38541e-09 
0.024284 11018.1 6919.5 0.154798 1.38541e-09 
0.024284 11018.1 6919.5 0.154778 3.11234e-10 
0.024284 11018.1 6919.5 0.154778 2.96875e-09 
0.0242834 11015.7 6920.23 0.15487 2.38132e-09 
0.0242833 11015.1 6920.4 0.154888 2.63851e-09 
0.0242827 11015.1 6920.4 0.154888 2.63851e-09 
0.0242838 11015.1 6920.4 0.154888 2.63851e-09 
0.0242833 11015.4 6920.4 0.154888 2.63851e-09 
0.0242833 11014.9 6920.4 0.154888 2.63851e-09 
0.0242833 11015.1 6920.47 0.154888 2.63851e-09 
0.0242833 11015.1 6920.33 0.154888 2.63851e-09 
0.0242833 11015.1 6920.4 0.154874 2.63851e-09 
0.0242833 11015.1 6920.4 0.154902 2.63851e-09 
0.0242833 11015.1 6920.4 0.154888 1.12643e-09 
0.0242833 11015.1 6920.4 0.154888 4.35295e-09 
0.0242831 11015.1 6920.41 0.154887 2.86866e-09 
0.0242826 11014.7 6920.47 0.154883 3.80598e-09 
0.0242812 11013.9 6920.62 0.154872 5.89544e-09 
0.0242772 11011.5 6921.07 0.154835 4.5803e-09 
0.0242677 11005.9 6922.11 0.154733 6.79136e-09 
0.0242643 11003.9 6922.49 0.154691 3.94197e-09 
0.0242638 11003.9 6922.49 0.154691 3.94197e-09 
0.0242649 11003.9 6922.49 0.154691 3.94197e-09 
0.0242643 11004.1 6922.49 0.154691 3.94197e-09 
0.0242643 11003.7 6922.49 0.154691 3.94197e-09 
0.0242643 11003.9 6922.56 0.154691 3.94197e-09 
0.0242643 11003.9 6922.41 0.154691 3.94197e-09 
0.0242643 11003.9 6922.49 0.154667 3.94197e-09 
0.0242643 11003.9 6922.49 0.154714 3.94197e-09 
0.0242643 11003.9 6922.49 0.154691 5.52898e-09 
0.0242643 11003.9 6922.49 0.154691 2.23819e-09 
0.0242596 11006 6921.51 0.154764 2.07056e-10 
0.0242409 11014.6 6917.62 0.154959 2.16077e-09 
0.0242206 11023.9 6913.41 0.154989 2.94698e-10 
0.0242229 11022.8 6913.9 0.154995 6.81796e-09 
0.0242224 11022.8 6913.9 0.154995 6.81796e-09 
0.0242235 11022.8 6913.9 0.154995 6.81796e-09 
0.0242229 11023.1 6913.9 0.154995 6.81796e-09 
0.0242229 11022.6 6913.9 0.154995 6.81796e-09 
0.0242229 11022.8 6913.97 0.154995 6.81796e-09 
0.0242229 11022.8 6913.82 0.154995 6.81796e-09 
0.0242229 11022.8 6913.9 0.154998 6.81796e-09 
0.0242229 11022.8 6913.9 0.154992 6.81796e-09 
0.0242229 11022.8 6913.9 0.154995 5.98849e-09 
0.0242229 11022.8 6913.9 0.154995 6.82652e-09 
0.0241955 11014.6 6914.68 0.154998 4.00502e-09 
0.02419 11012.9 6914.84 0.154995 1.67461e-10 
0.0241894 11012.9 6914.84 0.154995 1.67461e-10 
0.0241905 11012.9 6914.84 0.154995 1.67461e-10 
0.02419 11013.1 6914.84 0.154995 1.67461e-10 
0.02419 11012.6 6914.84 0.154995 1.67461e-10 
0.02419 11012.9 6914.92 0.154995 1.67461e-10 
0.02419 11012.9 6914.77 0.154995 1.67461e-10 
0.02419 11012.9 6914.84 0.154992 1.67461e-10 
0.02419 11012.9 6914.84 0.154997 1.67461e-10 
0.02419 11012.9 6914.84 0.154995 6.09462e-11 
0.02419 11012.9 6914.84 0.154995 1.08133e-09 
0.0241883 11011.6 6915.14 0.155 5.719e-09 
0.0241877 11011.1 6915.24 0.154998 6.87079e-09 
0.0241877 11011.6 6915.14 0.155 5.719e-09 
0.0241888 11011.6 6915.14 0.155 5.719e-09 
0.0241883 11011.8 6915.14 0.155 5.719e-09 
0.0241883 11011.3 6915.14 0.155 5.719e-09 
0.0241883 11011.6 6915.21 0.155 5.719e-09 
0.0241883 11011.6 6915.07 0.155 5.719e-09 
0.0241883 11011.6 6915.14 0.155 5.719e-09 
0.0241883 11011.6 6915.14 0.154999 5.719e-09 
0.0241883 11011.6 6915.14 0.155 4.33744e-09 
0.0241883 11011.6 6915.14 0.155 6.64444e-09 
0.024186 11011.2 6915.1 0.154999 2.82121e-09 
0.0241879 11011.5 6915.13 0.155 6.55809e-09 
0.0241874 11011.5 6915.13 0.155 6.55809e-09 
0.0241885 11011.5 6915.13 0.155 6.55809e-09 
0.0241879 11011.7 6915.13 0.155 6.55809e-09 
0.0241879 11011.3 6915.13 0.155 6.55809e-09 
0.0241879 11011.5 6915.21 0.155 6.55809e-09 
0.0241879 11011.5 6915.06 0.155 6.55809e-09 
0.0241879 11011.5 6915.13 0.155 6.55809e-09 
0.0241879 11011.5 6915.13 0.154998 6.55809e-09 
0.0241879 11011.5 6915.13 0.155 5.4307e-09 
0.0241879 11011.5 6915.13 0.155 6.92818e-09 
0.0241879 11011.5 6915.15 0.155 6.61578e-09 
0.0241879 11011.5 6915.15 0.155 6.63371e-09 
0.0241873 11011.5 6915.15 0.155 6.63371e-09 
0.0241884 11011.5 6915.15 0.155 6.63371e-09 
0.0241879 11011.7 6915.15 0.155 6.63371e-09 
0.0241879 11011.2 6915.15 0.155 6.63371e-09 
0.0241879 11011.5 6915.23 0.155 6.63371e-09 
0.0241879 11011.5 6915.08 0.155 6.63371e-09 
0.0241879 11011.5 6915.15 0.155 6.63371e-09 
0.0241879 11011.5 6915.15 0.154999 6.63371e-09 
0.0241879 11011.5 6915.15 0.155 5.68871e-09 
0.0241879 11011.5 6915.15 0.155 6.9271e-09 
0.0241879 11011.5 6915.15 0.155 6.64227e-09 
0.0241881 11011.7 6915.11 0.155 6.6753e-09 
0.0241884 11011.8 6915.08 0.155 6.71118e-09 
0.0241878 11011.8 6915.08 0.155 6.71118e-09 
0.0241889 11011.8 6915.08 0.155 6.71118e-09 
0.0241884 11012.1 6915.08 0.155 6.71118e-09 
0.0241884 11011.6 6915.08 0.155 6.71118e-09 
0.0241884 11011.8 6915.15 0.155 6.71118e-09 
0.0241884 11011.8 6915 0.155 6.71118e-09 
0.0241884 11011.8 6915.08 0.155 6.71118e-09 
0.0241884 11011.8 6915.08 0.154999 6.71118e-09 
0.0241884 11011.8 6915.08 0.155 5.85982e-09 
0.0241884 11011.8 6915.08 0.155 6.91498e-09 
0.0241886 11011.8 6915.1 0.155 6.77113e-09 
0.0241895 11011.7 6915.2 0.155 6.91572e-09 
0.0241899 11011.6 6915.25 0.155 6.92934e-09 
0.0241894 11011.6 6915.25 0.155 6.92934e-09 
0.0241905 11011.6 6915.25 0.155 6.92934e-09 
0.0241899 11011.8 6915.25 0.155 6.92934e-09 
0.0241899 11011.3 6915.25 0.155 6.92934e-09 
0.0241899 11011.6 6915.33 0.155 6.92934e-09 
0.0241899 11011.6 6915.18 0.155 6.92934e-09 
0.0241899 11011.6 6915.25 0.155 6.92934e-09 
0.0241899 11011.6 6915.25 0.155 6.92934e-09 
0.0241899 11011.6 6915.25 0.155 6.61727e-09 
0.0241899 11011.6 6915.25 0.155 6.55866e-09 
0.02419 11011.6 6915.25 0.155 6.92997e-09 
0.02419 11011.6 6915.25 0.155 6.92999e-09 
0.0241894 11011.6 6915.25 0.155 6.92999e-09 
0.0241905 11011.6 6915.25 0.155 6.92999e-09 
0.02419 11011.8 6915.25 0.155 6.92999e-09 
0.02419 11011.4 6915.25 0.155 6.92999e-09 
0.02419 11011.6 6915.33 0.155 6.92999e-09 
0.02419 11011.6 6915.18 0.155 6.92999e-09 
0.02419 11011.6 6915.25 0.155 6.92999e-09 
0.02419 11011.6 6915.25 0.155 6.92999e-09 
0.02419 11011.6 6915.25 0.155 6.60761e-09 
0.02419 11011.6 6915.25 0.155 6.61275e-09 
0.02419 11011.6 6915.25 0.155 6.92999e-09 
0.0241894 11011.6 6915.25 0.155 6.92999e-09 
0.0241905 11011.6 6915.25 0.155 6.92999e-09 
0.02419 11011.8 6915.25 0.155 6.92999e-09 
0.02419 11011.4 6915.25 0.155 6.92999e-09 
0.02419 11011.6 6915.33 0.155 6.92999e-09 
0.02419 11011.6 6915.18 0.155 6.92999e-09 
0.02419 11011.6 6915.25 0.155 6.92999e-09 
0.02419 11011.6 6915.25 0.155 6.92999e-09 
0.02419 11011.6 6915.25 0.155 6.60761e-09 
0.02419 11011.6 6915.25 0.155 6.61275e-09 
0.0241899 11011.6 6915.25 0.155 6.92999e-09 
0.0241901 11011.6 6915.25 0.155 6.92999e-09 
0.02419 11011.6 6915.25 0.155 6.92999e-09 
0.02419 11011.5 6915.25 0.155 6.92999e-09 
0.02419 11011.6 6915.27 0.155 6.92999e-09 
0.02419 11011.6 6915.24 0.155 6.92999e-09 
0.02419 11011.6 6915.25 0.155 6.92999e-09 
0.02419 11011.6 6915.25 0.155 6.92999e-09 
0.02419 11011.6 6915.25 0.155 6.91648e-09 
0.02419 11011.6 6915.25 0.155 6.91754e-09 
0.0241894 11011.8 6915.25 0.155 6.92999e-09 
0.0241894 11011.6 6915.33 0.155 6.92999e-09 
0.02419 11011.8 6915.33 0.155 6.92999e-09 
0.0241894 11011.6 6915.25 0.155 6.92999e-09 
0.02419 11011.8 6915.25 0.155 6.92999e-09 
0.02419 11011.6 6915.33 0.155 6.92999e-09 
0.0241894 11011.6 6915.25 0.155 6.60761e-09 
0.02419 11011.8 6915.25 0.155 6.60761e-09 
0.02419 11011.6 6915.33 0.155 6.60761e-09 
0.02419 11011.6 6915.25 0.155 6.60761e-09 
0.0259838 10982.9 7176.56 0.135 5.18233e-09 
0.0238767 11111 6893.8 0.135 2.61923e-09 
0.0251838 11030.7 7070.42 0.135 4.26315e-09 
0.0251844 11030.7 7070.42 0.135 4.26315e-09 
0.0251832 11030.7 7070.42 0.135 4.26315e-09 
0.0251838 11031 7070.42 0.135 4.26315e-09 
0.0251838 11030.5 7070.42 0.135 4.26315e-09 
0.0251838 11030.7 7070.51 0.135 4.26315e-09 
0.0251838 11030.7 7070.33 0.135 4.26315e-09 
0.0251838 11030.7 7070.42 0.135 4.26315e-09 
0.0251838 11030.7 7070.42 0.135 4.26315e-09 
0.0251838 11030.7 7070.42 0.135 3.58197e-09 
0.0251838 11030.7 7070.42 0.135 4.91293e-09 
0.0251838 11030.7 7070.42 0.135 2.5489e-09 
0.0251838 11030.7 7070.42 0.135 5.78198e-09 
0.0246709 10975.7 7014.47 0.135 4.19686e-09 
0.0247698 10986.4 7025.3 0.135 4.20972e-09 
0.0247703 10986.4 7025.3 0.135 4.20972e-09 
0.0247693 10986.4 7025.3 0.135 4.20972e-09 
0.0247698 10986.6 7025.3 0.135 4.20972e-09 
0.0247698 10986.2 7025.3 0.135 4.20972e-09 
0.0247698 10986.4 7025.39 0.135 4.20972e-09 
0.0247698 10986.4 7025.2 0.135 4.20972e-09 
0.0247698 10986.4 7025.3 0.135001 4.20972e-09 
0.0247698 10986.4 7025.3 0.135001 4.20972e-09 
0.0247698 10986.4 7025.3 0.135004 4.20972e-09 
0.0247698 10986.4 7025.3 0.135003 4.20972e-09 
0.0247698 10986.4 7025.3 0.135 2.49616e-09 
0.0247698 10986.4 7025.3 0.135 5.74094e-09 
0.0247336 10968 7020.11 0.135 4.34056e-09 
0.024719 10960.6 7018.02 0.135 4.39317e-09 
0.0247195 10960.6 7018.02 0.135 4.39317e-09 
0.0247185 10960.6 7018.02 0.135 4.39317e-09 
0.024719 10960.8 7018.02 0.135 4.39317e-09 
0.024719 10960.4 7018.02 0.135 4.39317e-09 
0.024719 10960.6 7018.11 0.135 4.39317e-09 
0.024719 10960.6 7017.92 0.135 4.39317e-09 
0.024719 10960.6 7018.02 0.135004 4.39317e-09 
0.024719 10960.6 7018.02 0.135003 4.39317e-09 
0.024719 10960.6 7018.02 0.135001 4.39317e-09 
0.024719 10960.6 7018.02 0.135001 4.39317e-09 
0.024719 10960.6 7018.02 0.135 2.67905e-09 
0.024719 10960.6 7018.02 0.135 5.88005e-09 
0.0246794 10975.5 7003.76 0.135 4.32039e-09 
0.0246659 10980.5 6998.87 0.135 4.29535e-09 
0.0246664 10980.5 6998.87 0.135 4.29535e-09 
0.0246654 10980.5 6998.87 0.135 4.29535e-09 
0.0246659 10980.8 6998.87 0.135 4.29535e-09 
0.0246659 10980.3 6998.87 0.135 4.29535e-09 
0.0246659 10980.5 6998.97 0.135 4.29535e-09 
0.0246659 10980.5 6998.78 0.135 4.29535e-09 
0.0246659 10980.5 6998.87 0.135001 4.29535e-09 
0.0246659 10980.5 6998.87 0.135001 4.29535e-09 
0.0246659 10980.5 6998.87 0.135 2.5809e-09 
0.0246659 10980.5 6998.87 0.135 5.80651e-09 
0.0246648 10980.4 6998.7 0.135 4.29173e-09 
0.0246653 10980.4 6998.7 0.135 4.29173e-09 
0.0246643 10980.4 6998.7 0.135 4.29173e-09 
0.0246648 10980.6 6998.7 0.135 4.29173e-09 
0.0246648 10980.2 6998.7 0.135 4.29173e-09 
0.0246648 10980.4 6998.79 0.135 4.29173e-09 
0.0246648 10980.4 6998.61 0.135 4.29173e-09 
0.0246648 10980.4 6998.7 0.135002 4.29173e-09 
0.0246648 10980.4 6998.7 0.135001 4.29173e-09 
0.0246648 10980.4 6998.7 0.135 2.57729e-09 
0.0246648 10980.4 6998.7 0.135 5.80375e-09 
0.0723172 45498.7 13884.3 0.135 1.6991e-10 
0.0714533 45262.9 13841.8 0.135 1.44349e-11 
0.0718207 45363.4 13859.9 0.135 6.00124e-11 
0.071822 45363.4 13859.9 0.135 6.00124e-11 
0.0718194 45363.4 13859.9 0.135 6.00124e-11 
0.0718207 45364.1 13859.9 0.135 6.00124e-11 
0.0718207 45362.6 13859.9 0.135 6.00124e-11 
0.0718207 45363.4 13860.1 0.135 6.00124e-11 
0.0718207 45363.4 13859.7 0.135 6.00124e-11 
0.0718207 45363.4 13859.9 0.135 6.00124e-11 
0.0718207 45363.4 13859.9 0.135001 6.00124e-11 
0.0718207 45363.4 13859.9 0.135 7.84678e-10 
0.0718207 45363.4 13859.9 0.135 1.69006e-10 
0.0718207 45363.4 13859.9 0.135 3.00337e-10 
0.0718207 45363.4 13859.9 0.135 3.77044e-12 
0.0704508 44289 13747 0.135 1.74869e-09 
0.0698361 43801.5 13695.9 0.135 3.60976e-09 
0.0698368 43801.5 13695.9 0.135 3.60976e-09 
0.0698354 43801.5 13695.9 0.135 3.60976e-09 
0.0698361 43802 13695.9 0.135 3.60976e-09 
0.0698361 43801.1 13695.9 0.135 3.60976e-09 
0.0698361 43801.5 13696.1 0.135 3.60976e-09 
0.0698361 43801.5 13695.8 0.135 3.60976e-09 
0.0698361 43801.5 13695.9 0.135 3.60976e-09 
0.0698361 43801.5 13695.9 0.135001 3.60976e-09 
0.0698361 43801.5 13695.9 0.135 3.60976e-09 
0.0698361 43801.5 13695.9 0.135001 3.60976e-09 
0.0698361 43801.5 13695.9 0.135 3.10866e-09 
0.0698361 43801.5 13695.9 0.135 4.10784e-09 
0.0698361 43801.5 13695.9 0.135 1.93228e-09 
0.0698361 43801.5 13695.9 0.135 5.2518e-09 
0.0694195 44016.8 13573.8 0.135 2.83437e-09 
0.0693319 44062.1 13548.1 0.135 2.67377e-09 
0.0693326 44062.1 13548.1 0.135 2.67377e-09 
0.0693312 44062.1 13548.1 0.135 2.67377e-09 
0.0693319 44062.5 13548.1 0.135 2.67377e-09 
0.0693319 44061.7 13548.1 0.135 2.67377e-09 
0.0693319 44062.1 13548.2 0.135 2.67377e-09 
0.0693319 44062.1 13548 0.135 2.67377e-09 
0.0693319 44062.1 13548.1 0.135 2.67377e-09 
0.0693319 44062.1 13548.1 0.135001 2.67377e-09 
0.0693319 44062.1 13548.1 0.135 2.67377e-09 
0.0693319 44062.1 13548.1 0.135001 2.67377e-09 
0.0693319 44062.1 13548.1 0.135 1.15331e-09 
0.0693319 44062.1 13548.1 0.135 4.38795e-09 
0.0692797 44037.7 13542.4 0.135 2.80535e-09 
0.0692804 44037.7 13542.4 0.135 2.80535e-09 
0.0692791 44037.7 13542.4 0.135 2.80535e-09 
0.0692797 44038.1 13542.4 0.135 2.80535e-09 
0.0692797 44037.3 13542.4 0.135 2.80535e-09 
0.0692797 44037.7 13542.5 0.135 2.80535e-09 
0.0692797 44037.7 13542.3 0.135 2.80535e-09 
0.0692797 44037.7 13542.4 0.135 2.80535e-09 
0.0692797 44037.7 13542.4 0.135001 2.80535e-09 
0.0692797 44037.7 13542.4 0.135 1.25528e-09 
0.0692797 44037.7 13542.4 0.135 4.51694e-09 
0.0692818 44038.9 13542.4 0.135 2.82941e-09 
0.0692825 44038.9 13542.4 0.135 2.82941e-09 
0.0692811 44038.9 13542.4 0.135 2.82941e-09 
0.0692818 44039.3 13542.4 0.135 2.82941e-09 
0.0692818 44038.5 13542.4 0.135 2.82941e-09 
0.0692818 44038.9 13542.5 0.135 2.82941e-09 
0.0692818 44038.9 13542.3 0.135 2.82941e-09 
0.0692818 44038.9 13542.4 0.135 2.82941e-09 
0.0692818 44038.9 13542.4 0.135001 2.82941e-09 
0.0692818 44038.9 13542.4 0.135 1.27419e-09 
0.0692818 44038.9 13542.4 0.135 4.54024e-09 
0.0692817 44038.9 13542.4 0.135 2.85789e-09 
0.0692812 44038.8 13542.4 0.135 2.97221e-09 
0.0692819 44038.8 13542.4 0.135 2.97221e-09 
0.0692806 44038.8 13542.4 0.135 2.97221e-09 
0.0692812 44039.2 13542.4 0.135 2.97221e-09 
0.0692812 44038.4 13542.4 0.135 2.97221e-09 
0.0692812 44038.8 13542.5 0.135 2.97221e-09 
0.0692812 44038.8 13542.3 0.135 2.97221e-09 
0.0692812 44038.8 13542.4 0.135 2.97221e-09 
0.0692812 44038.8 13542.4 0.135001 2.97221e-09 
0.0692812 44038.8 13542.4 0.135 1.38821e-09 
0.0692812 44038.8 13542.4 0.135 4.67686e-09 
0.0692813 44038.8 13542.4 0.135 2.99619e-09 
0.0692813 44038.8 13542.4 0.135 3.09231e-09 
0.0692815 44038.8 13542.4 0.135 3.33374e-09 
0.0692821 44038.9 13542.5 0.135 4.05714e-09 
0.0692833 44039 13542.5 0.135 5.58827e-09 
0.0692831 44039 13542.5 0.135 5.38421e-09 
0.0692838 44039 13542.5 0.135 5.38421e-09 
0.0692825 44039 13542.5 0.135 5.38421e-09 
0.0692831 44039.4 13542.5 0.135 5.38421e-09 
0.0692831 44038.6 13542.5 0.135 5.38421e-09 
0.0692831 44039 13542.6 0.135 5.38421e-09 
0.0692831 44039 13542.4 0.135 5.38421e-09 
0.0692831 44039 13542.5 0.135 5.38421e-09 
0.0692831 44039 13542.5 0.135001 5.38421e-09 
0.0692831 44039 13542.5 0.135 3.76615e-09 
0.0692831 44039 13542.5 0.135 6.53238e-09 
0.0692828 44038.9 13542.5 0.135 6.76639e-09 
0.0692823 44038.9 13542.5 0.135 6.49923e-09 
0.0692825 44038.9 13542.5 0.135 6.87806e-09 
0.0692832 44038.9 13542.5 0.135 6.87806e-09 
0.0692818 44038.9 13542.5 0.135 6.87806e-09 
0.0692825 44039.3 13542.5 0.135 6.87806e-09 
0.0692825 44038.5 13542.5 0.135 6.87806e-09 
0.0692825 44038.9 13542.6 0.135 6.87806e-09 
0.0692825 44038.9 13542.4 0.135 6.87806e-09 
0.0692825 44038.9 13542.5 0.135 6.87806e-09 
0.0692825 44038.9 13542.5 0.135 6.87806e-09 
0.0692825 44038.9 13542.5 0.135 6.7468e-09 
0.0692825 44038.9 13542.5 0.135 6.17368e-09 
0.0692815 44038.8 13542.4 0.135 6.92963e-09 
0.0692817 44038.8 13542.4 0.135 6.92748e-09 
0.0692824 44038.8 13542.4 0.135 6.92748e-09 
0.069281 44038.8 13542.4 0.135 6.92748e-09 
0.0692817 44039.2 13542.4 0.135 6.92748e-09 
0.0692817 44038.4 13542.4 0.135 6.92748e-09 
0.0692817 44038.8 13542.5 0.135 6.92748e-09 
0.0692817 44038.8 13542.3 0.135 6.92748e-09 
0.0692817 44038.8 13542.4 0.135 6.92748e-09 
0.0692817 44038.8 13542.4 0.135 6.92748e-09 
0.0692817 44038.8 13542.4 0.135 6.56697e-09 
0.0692817 44038.8 13542.4 0.135 6.44025e-09 
0.0692817 44038.8 13542.4 0.135 6.92748e-09 
0.0692824 44038.8 13542.4 0.135 6.92748e-09 
0.069281 44038.8 13542.4 0.135 6.92748e-09 
0.0692817 44039.2 13542.4 0.135 6.92748e-09 
0.0692817 44038.4 13542.4 0.135 6.92748e-09 
0.0692817 44038.8 13542.5 0.135 6.92748e-09 
0.0692817 44038.8 13542.3 0.135 6.92748e-09 
0.0692817 44038.8 13542.4 0.135 6.92748e-09 
0.0692817 44038.8 13542.4 0.135 6.92748e-09 
0.0692817 44038.8 13542.4 0.135 6.56697e-09 
0.0692817 44038.8 13542.4 0.135 6.44025e-09 
0.0692818 44038.8 13542.4 0.135 6.92748e-09 
0.0692815 44038.8 13542.4 0.135 6.92748e-09 
0.0692817 44038.9 13542.4 0.135 6.92748e-09 
0.0692817 44038.8 13542.4 0.135 6.92748e-09 
0.0692817 44038.8 13542.5 0.135 6.92748e-09 
0.0692817 44038.8 13542.4 0.135 6.92748e-09 
0.0692817 44038.8 13542.4 0.135 6.92748e-09 
0.0692817 44038.8 13542.4 0.135 6.92748e-09 
0.0692817 44038.8 13542.4 0.135 6.92338e-09 
0.0692817 44038.8 13542.4 0.135 6.89699e-09 
0.0692824 44039.2 13542.4 0.135 6.92748e-09 
0.0692824 44038.8 13542.5 0.135 6.92748e-09 
0.0692817 44039.2 13542.5 0.135 6.92748e-09 
0.0692824 44038.8 13542.4 0.135 6.92748e-09 
0.0692817 44039.2 13542.4 0.135 6.92748e-09 
0.0692817 44038.8 13542.5 0.135 6.92748e-09 
0.0692824 44038.8 13542.4 0.135 6.56697e-09 
0.0692817 44039.2 13542.4 0.135 6.56697e-09 
0.0692817 44038.8 13542.5 0.135 6.56697e-09 
0.0692817 44038.8 13542.4 0.135 6.56697e-09 
0.0692817 44038.8 13542.4 0.135 6.93e-09 
0.0692824 44038.8 13542.4 0.135 6.93e-09 
0.069281 44038.8 13542.4 0.135 6.93e-09 
0.0692817 44039.2 13542.4 0.135 6.93e-09 
0.0692817 44038.4 13542.4 0.135 6.93e-09 
0.0692817 44038.8 13542.5 0.135 6.93e-09 
0.0692817 44038.8 13542.3 0.135 6.93e-09 
0.0692817 44038.8 13542.4 0.135 6.93e-09 
0.0692817 44038.8 13542.4 0.135 6.93e-09 
0.0692817 44038.8 13542.4 0.135 6.50457e-09 
0.0692817 44038.8 13542.4 0.135 6.50707e-09 
0.028804 7410.81 698.897 0.135 6.70375e-09 
0.0285863 7340.5 703.741 0.135 6.71055e-09 
0.0285869 7340.5 703.741 0.135 6.71055e-09 
0.0285857 7340.5 703.741 0.135 6.71055e-09 
0.0285863 7340.65 703.741 0.135 6.71055e-09 
0.0285863 7340.35 703.741 0.135 6.71055e-09 
0.0285863 7340.5 703.776 0.135 6.71055e-09 
0.0285863 7340.5 703.706 0.135 6.71055e-09 
0.0285863 7340.5 703.741 0.135 6.71055e-09 
0.0285863 7340.5 703.741 0.135 6.71055e-09 
0.0285863 7340.5 703.741 0.135001 6.71055e-09 
0.0285863 7340.5 703.741 0.135 6.71055e-09 
0.0285863 7340.5 703.741 0.135 5.73145e-09 
0.0285863 7340.5 703.741 0.135 6.89503e-09 
0.0285863 7340.5 703.741 0.135 6.09761e-09 
0.0285863 7340.5 703.741 0.135 6.9299e-09 
0.0285976 7353.7 706.801 0.135 6.6358e-09 
0.0286217 7381.76 713.32 0.135 6.4429e-09 
0.0286223 7381.76 713.32 0.135 6.4429e-09 
0.0286211 7381.76 713.32 0.135 6.4429e-09 
0.0286217 7381.91 713.32 0.135 6.4429e-09 
0.0286217 7381.61 713.32 0.135 6.4429e-09 
0.0286217 7381.76 713.356 0.135 6.4429e-09 
0.0286217 7381.76 713.285 0.135 6.4429e-09 
0.0286217 7381.76 713.32 0.135001 6.4429e-09 
0.0286217 7381.76 713.32 0.135 6.4429e-09 
0.0286217 7381.76 713.32 0.135 6.4429e-09 
0.0286217 7381.76 713.32 0.135 6.4429e-09 
0.0286217 7381.76 713.32 0.135 5.683e-09 
0.0286217 7381.76 713.32 0.135 6.86287e-09 
0.0287116 7383.23 718.281 0.135 6.33979e-09 
0.0290741 7389.13 738.281 0.135 5.84202e-09 
0.0299991 7403.89 789.382 0.135001 4.15234e-09 
0.0299996 7403.89 789.382 0.135001 4.15234e-09 
0.0299986 7403.89 789.382 0.135001 4.15234e-09 
0.0299991 7404.02 789.382 0.135001 4.15234e-09 
0.0299991 7403.75 789.382 0.135001 4.15234e-09 
0.0299991 7403.89 789.415 0.135001 4.15234e-09 
0.0299991 7403.89 789.35 0.135001 4.15234e-09 
0.0299991 7403.89 789.382 0.135001 4.15234e-09 
0.0299991 7403.89 789.382 0.135 4.15234e-09 
0.0299991 7403.89 789.382 0.135002 4.15234e-09 
0.0299991 7403.89 789.382 0.135 4.15234e-09 
0.0299991 7403.89 789.382 0.135001 2.70311e-09 
0.0299991 7403.89 789.382 0.135001 5.48131e-09 
0.0300678 7429.6 784.078 0.135001 4.29152e-09 
0.030063 7427.78 784.452 0.135001 4.28174e-09 
0.0300635 7427.78 784.452 0.135001 4.28174e-09 
0.0300624 7427.78 784.452 0.135001 4.28174e-09 
0.030063 7427.92 784.452 0.135001 4.28174e-09 
0.030063 7427.64 784.452 0.135001 4.28174e-09 
0.030063 7427.78 784.483 0.135001 4.28174e-09 
0.030063 7427.78 784.421 0.135001 4.28174e-09 
0.030063 7427.78 784.452 0.135002 4.28174e-09 
0.030063 7427.78 784.452 0.135 4.28174e-09 
0.030063 7427.78 784.452 0.135001 2.56735e-09 
0.030063 7427.78 784.452 0.135001 5.79616e-09 
0.0300815 7429.48 785.167 0.135001 4.19885e-09 
0.0300821 7429.48 785.167 0.135001 4.19885e-09 
0.030081 7429.48 785.167 0.135001 4.19885e-09 
0.0300815 7429.62 785.167 0.135001 4.19885e-09 
0.0300815 7429.34 785.167 0.135001 4.19885e-09 
0.0300815 7429.48 785.198 0.135001 4.19885e-09 
0.0300815 7429.48 785.136 0.135001 4.19885e-09 
0.0300815 7429.48 785.167 0.135003 4.19885e-09 
0.0300815 7429.48 785.167 0.135 4.19885e-09 
0.0300815 7429.48 785.167 0.135001 2.48549e-09 
0.0300815 7429.48 785.167 0.135001 5.73254e-09 
0.0300808 7429.35 785.146 0.135001 4.15076e-09 
0.0300804 7429.28 785.136 0.135001 4.12747e-09 
0.030081 7429.28 785.136 0.135001 4.12747e-09 
0.0300798 7429.28 785.136 0.135001 4.12747e-09 
0.0300804 7429.42 785.136 0.135001 4.12747e-09 
0.0300804 7429.14 785.136 0.135001 4.12747e-09 
0.0300804 7429.28 785.167 0.135001 4.12747e-09 
0.0300804 7429.28 785.105 0.135001 4.12747e-09 
0.0300804 7429.28 785.136 0.135003 4.12747e-09 
0.0300804 7429.28 785.136 0.135 4.12747e-09 
0.0300804 7429.28 785.136 0.135001 2.41581e-09 
0.0300804 7429.28 785.136 0.135001 5.67694e-09 
0.0300804 7429.28 785.136 0.135001 4.07595e-09 
0.0300804 7429.26 785.138 0.135002 3.86857e-09 
0.0300804 7429.21 785.142 0.135005 3.34534e-09 
0.0300803 7429.06 785.154 0.13502 1.83927e-09 
0.03008 7428.61 785.189 0.135134 1.34043e-10 
0.0300793 7427.28 785.295 0.136059 4.64947e-09 
0.0300776 7424.33 785.529 0.140699 1.04615e-09 
0.0300781 7424.33 785.529 0.140699 1.04615e-09 
0.030077 7424.33 785.529 0.140699 1.04615e-09 
0.0300776 7424.47 785.529 0.140699 1.04615e-09 
0.0300776 7424.2 785.529 0.140699 1.04615e-09 
0.0300776 7424.33 785.56 0.140699 1.04615e-09 
0.0300776 7424.33 785.498 0.140699 1.04615e-09 
0.0300776 7424.33 785.529 0.140796 1.04615e-09 
0.0300776 7424.33 785.529 0.140603 1.04615e-09 
0.0300776 7424.33 785.529 0.140874 1.04615e-09 
0.0300776 7424.33 785.529 0.140526 1.04615e-09 
0.0300776 7424.33 785.529 0.140699 2.53172e-09 
0.0300776 7424.33 785.529 0.140699 1.52803e-10 
0.0300776 7424.33 785.529 0.140699 1.04615e-09 
0.0300781 7424.33 785.529 0.140699 1.04615e-09 
0.030077 7424.33 785.529 0.140699 1.04615e-09 
0.0300776 7424.47 785.529 0.140699 1.04615e-09 
0.0300776 7424.2 785.529 0.140699 1.04615e-09 
0.0300776 7424.33 785.56 0.140699 1.04615e-09 
0.0300776 7424.33 785.498 0.140699 1.04615e-09 
0.0300776 7424.33 785.529 0.140874 1.04615e-09 
0.0300776 7424.33 785.529 0.140526 1.04615e-09 
0.0300776 7424.33 785.529 0.140699 2.53172e-09 
0.0300776 7424.33 785.529 0.140699 1.52803e-10 
0.0300777 7424.33 785.529 0.140699 1.04615e-09 
0.0300775 7424.33 785.529 0.140699 1.04615e-09 
0.0300776 7424.36 785.529 0.140699 1.04615e-09 
0.0300776 7424.31 785.529 0.140699 1.04615e-09 
0.0300776 7424.33 785.536 0.140699 1.04615e-09 
0.0300776 7424.33 785.523 0.140699 1.04615e-09 
0.0300776 7424.33 785.529 0.140734 1.04615e-09 
0.0300776 7424.33 785.529 0.140665 1.04615e-09 
0.0300776 7424.33 785.529 0.140699 1.30592e-09 
0.0300776 7424.33 785.529 0.140699 8.10549e-10 
0.0300781 7424.47 785.529 0.140699 1.04615e-09 
0.0300781 7424.33 785.56 0.140699 1.04615e-09 
0.0300776 7424.47 785.56 0.140699 1.04615e-09 
0.0300781 7424.33 785.529 0.140874 1.04615e-09 
0.0300776 7424.47 785.529 0.140874 1.04615e-09 
0.0300776 7424.33 785.56 0.140874 1.04615e-09 
0.0300781 7424.33 785.529 0.140699 2.53172e-09 
0.0300776 7424.47 785.529 0.140699 2.53172e-09 
0.0300776 7424.33 785.56 0.140699 2.53172e-09 
0.0300776 7424.33 785.529 0.140874 2.53172e-09 
0.0296604 7466.84 791.395 0.152469 3.95789e-09 
0.0300319 7428.96 786.167 0.154439 1.30515e-09 
0.0300324 7428.96 786.167 0.154439 1.30515e-09 
0.0300313 7428.96 786.167 0.154439 1.30515e-09 
0.0300319 7429.1 786.167 0.154439 1.30515e-09 
0.0300319 7428.82 786.167 0.154439 1.30515e-09 
0.0300319 7428.96 786.198 0.154439 1.30515e-09 
0.0300319 7428.96 786.136 0.154439 1.30515e-09 
0.0300319 7428.96 786.167 0.154374 1.30515e-09 
0.0300319 7428.96 786.167 0.154501 1.30515e-09 
0.0300319 7428.96 786.167 0.154396 1.30515e-09 
0.0300319 7428.96 786.167 0.15448 1.30515e-09 
0.0300319 7428.96 786.167 0.154439 2.86855e-09 
0.0300319 7428.96 786.167 0.154439 2.70562e-10 
0.0300213 7429.82 785.544 0.154971 3.09583e-10 
0.0300087 7430.85 784.802 0.154726 3.18819e-11 
0.0300109 7430.67 784.933 0.154839 2.37061e-12 
0.0300115 7430.67 784.933 0.154839 2.37061e-12 
0.0300104 7430.67 784.933 0.154839 2.37061e-12 
0.0300109 7430.81 784.933 0.154839 2.37061e-12 
0.0300109 7430.53 784.933 0.154839 2.37061e-12 
0.0300109 7430.67 784.964 0.154839 2.37061e-12 
0.0300109 7430.67 784.902 0.154839 2.37061e-12 
0.0300109 7430.67 784.933 0.154861 2.37061e-12 
0.0300109 7430.67 784.933 0.154815 2.37061e-12 
0.0300109 7430.67 784.933 0.154839 3.64818e-10 
0.0300109 7430.67 784.933 0.154839 4.87696e-10 
0.0299954 7431.37 784.461 0.154975 1.09689e-10 
0.0299896 7431.63 784.286 0.154995 1.89369e-10 
0.0299902 7431.63 784.286 0.154995 1.89369e-10 
0.029989 7431.63 784.286 0.154995 1.89369e-10 
0.0299896 7431.77 784.286 0.154995 1.89369e-10 
0.0299896 7431.49 784.286 0.154995 1.89369e-10 
0.0299896 7431.63 784.317 0.154995 1.89369e-10 
0.0299896 7431.63 784.255 0.154995 1.89369e-10 
0.0299896 7431.63 784.286 0.154998 1.89369e-10 
0.0299896 7431.63 784.286 0.154991 1.89369e-10 
0.0299896 7431.63 784.286 0.154995 4.87045e-11 
0.0299896 7431.63 784.286 0.154995 1.13202e-09 
0.0299814 7430.58 783.885 0.155 1.22572e-10 
0.0299659 7428.58 783.124 0.154994 3.51785e-11 
0.0299665 7428.58 783.124 0.154994 3.51785e-11 
0.0299654 7428.58 783.124 0.154994 3.51785e-11 
0.0299659 7428.72 783.124 0.154994 3.51785e-11 
0.0299659 7428.44 783.124 0.154994 3.51785e-11 
0.0299659 7428.58 783.155 0.154994 3.51785e-11 
0.0299659 7428.58 783.093 0.154994 3.51785e-11 
0.0299659 7428.58 783.124 0.154989 3.51785e-11 
0.0299659 7428.58 783.124 0.154997 3.51785e-11 
0.0299659 7428.58 783.124 0.154994 2.18935e-10 
0.0299659 7428.58 783.124 0.154994 6.91162e-10 
0.02996 7428.13 782.954 0.155 5.01221e-12 
0.0299593 7428.07 782.934 0.155 3.26534e-12 
0.0299599 7428.07 782.934 0.155 3.26534e-12 
0.0299588 7428.07 782.934 0.155 3.26534e-12 
0.0299593 7428.21 782.934 0.155 3.26534e-12 
0.0299593 7427.93 782.934 0.155 3.26534e-12 
0.0299593 7428.07 782.966 0.155 3.26534e-12 
0.0299593 7428.07 782.903 0.155 3.26534e-12 
0.0299593 7428.07 782.934 0.155 3.26534e-12 
0.0299593 7428.07 782.934 0.154998 3.26534e-12 
0.0299593 7428.07 782.934 0.155 3.5494e-10 
0.0299593 7428.07 782.934 0.155 4.99144e-10 
0.0299586 7427.77 782.978 0.155 4.20842e-13 
0.0299578 7427.47 783.021 0.155 9.48931e-12 
0.0299584 7427.47 783.021 0.155 9.48931e-12 
0.0299573 7427.47 783.021 0.155 9.48931e-12 
0.0299578 7427.6 783.021 0.155 9.48931e-12 
0.0299578 7427.33 783.021 0.155 9.48931e-12 
0.0299578 7427.47 783.052 0.155 9.48931e-12 
0.0299578 7427.47 782.99 0.155 9.48931e-12 
0.0299578 7427.47 783.021 0.154999 9.48931e-12 
0.0299578 7427.47 783.021 0.155 9.48931e-12 
0.0299578 7427.47 783.021 0.155 5.55363e-10 
0.0299578 7427.47 783.021 0.155 3.09645e-10 
0.0299582 7427.34 783.053 0.155 2.02348e-12 
0.0299588 7427.34 783.053 0.155 2.02348e-12 
0.0299576 7427.34 783.053 0.155 2.02348e-12 
0.0299582 7427.48 783.053 0.155 2.02348e-12 
0.0299582 7427.2 783.053 0.155 2.02348e-12 
0.0299582 7427.34 783.084 0.155 2.02348e-12 
0.0299582 7427.34 783.022 0.155 2.02348e-12 
0.0299582 7427.34 783.053 0.154999 2.02348e-12 
0.0299582 7427.34 783.053 0.154999 2.02348e-12 
0.0299582 7427.34 783.053 0.155 4.82716e-10 
0.0299582 7427.34 783.053 0.155 3.69188e-10 
0.0299582 7427.34 783.053 0.155 2.02348e-12 
0.0299588 7427.34 783.053 0.155 2.02348e-12 
0.0299576 7427.34 783.053 0.155 2.02348e-12 
0.0299582 7427.48 783.053 0.155 2.02348e-12 
0.0299582 7427.2 783.053 0.155 2.02348e-12 
0.0299582 7427.34 783.084 0.155 2.02348e-12 
0.0299582 7427.34 783.022 0.155 2.02348e-12 
0.0299582 7427.34 783.053 0.154999 2.02348e-12 
0.0299582 7427.34 783.053 0.154999 2.02348e-12 
0.0299582 7427.34 783.053 0.155 4.82716e-10 
0.0299582 7427.34 783.053 0.155 3.69188e-10 
0.0299583 7427.34 783.053 0.155 2.02348e-12 
0.0299581 7427.34 783.053 0.155 2.02348e-12 
0.0299582 7427.37 783.053 0.155 2.02348e-12 
0.0299582 7427.31 783.053 0.155 2.02348e-12 
0.0299582 7427.34 783.059 0.155 2.02348e-12 
0.0299582 7427.34 783.047 0.155 2.02348e-12 
0.0299582 7427.34 783.053 0.155 2.02348e-12 
0.0299582 7427.34 783.053 0.155 2.02348e-12 
0.0299582 7427.34 783.053 0.155 3.11442e-11 
0.0299582 7427.34 783.053 0.155 7.50364e-12 
0.0299588 7427.48 783.053 0.155 2.02348e-12 
0.0299588 7427.34 783.084 0.155 2.02348e-12 
0.0299582 7427.48 783.084 0.155 2.02348e-12 
0.0299588 7427.34 783.053 0.154999 2.02348e-12 
0.0299582 7427.48 783.053 0.154999 2.02348e-12 
0.0299582 7427.34 783.084 0.154999 2.02348e-12 
0.0299588 7427.34 783.053 0.155 4.82716e-10 
0.0299582 7427.48 783.053 0.155 4.82716e-10 
0.0299582 7427.34 783.084 0.155 4.82716e-10 
0.0299582 7427.34 783.053 0.154999 4.82716e-10 
0.0280445 17334.2 5473.62 0.137815 5.9007e-09 
0.028045 17334.2 5473.62 0.137815 5.9007e-09 
0.028044 17334.2 5473.62 0.137815 5.9007e-09 
0.0280445 17334.5 5473.62 0.137815 5.9007e-09 
0.0280445 17334 5473.62 0.137815 5.9007e-09 
0.0280445 17334.2 5473.7 0.137815 5.9007e-09 
0.0280445 17334.2 5473.55 0.137815 5.9007e-09 
0.0280445 17334.2 5473.62 0.137782 5.9007e-09 
0.0280445 17334.2 5473.62 0.137847 5.9007e-09 
0.0280445 17334.2 5473.62 0.137815 6.48181e-09 
0.0280445 17334.2 5473.62 0.137815 5.1339e-09 
0.0276777 17505 5429.44 0.137769 5.8009e-09 
0.0275862 17547.9 5418.32 0.137757 5.77522e-09 
0.0275866 17547.9 5418.32 0.137757 5.77522e-09 
0.0275858 17547.9 5418.32 0.137757 5.77522e-09 
0.0275862 17548.1 5418.32 0.137757 5.77522e-09 
0.0275862 17547.6 5418.32 0.137757 5.77522e-09 
0.0275862 17547.9 5418.39 0.137757 5.77522e-09 
0.0275862 17547.9 5418.26 0.137757 5.77522e-09 
0.0275862 17547.9 5418.32 0.137733 5.77522e-09 
0.0275862 17547.9 5418.32 0.137782 5.77522e-09 
0.0275862 17547.9 5418.32 0.137661 5.77522e-09 
0.0275862 17547.9 5418.32 0.137854 5.77522e-09 
0.0275862 17547.9 5418.32 0.137757 6.48905e-09 
0.0275862 17547.9 5418.32 0.137757 4.81061e-09 
0.0276573 17597.8 5412.59 0.137745 5.72933e-09 
0.0276577 17597.8 5412.59 0.137745 5.72933e-09 
0.0276569 17597.8 5412.59 0.137745 5.72933e-09 
0.0276573 17598 5412.59 0.137745 5.72933e-09 
0.0276573 17597.6 5412.59 0.137745 5.72933e-09 
0.0276573 17597.8 5412.65 0.137745 5.72933e-09 
0.0276573 17597.8 5412.52 0.137745 5.72933e-09 
0.0276573 17597.8 5412.59 0.137649 5.72933e-09 
0.0276573 17597.8 5412.59 0.137842 5.72933e-09 
0.0276573 17597.8 5412.59 0.137677 5.72933e-09 
0.0276573 17597.8 5412.59 0.137813 5.72933e-09 
0.0276573 17597.8 5412.59 0.137745 6.65881e-09 
0.0276573 17597.8 5412.59 0.137745 4.32839e-09 
0.0276695 17600.5 5414.25 0.137733 5.71947e-09 
0.0276711 17600.9 5414.46 0.137732 5.71823e-09 
0.0276715 17600.9 5414.46 0.137732 5.71823e-09 
0.0276707 17600.9 5414.46 0.137732 5.71823e-09 
0.0276711 17601.1 5414.46 0.137732 5.71823e-09 
0.0276711 17600.6 5414.46 0.137732 5.71823e-09 
0.0276711 17600.9 5414.52 0.137732 5.71823e-09 
0.0276711 17600.9 5414.39 0.137732 5.71823e-09 
0.0276711 17600.9 5414.46 0.137665 5.71823e-09 
0.0276711 17600.9 5414.46 0.1378 5.71823e-09 
0.0276711 17600.9 5414.46 0.137732 6.7044e-09 
0.0276711 17600.9 5414.46 0.137732 4.18038e-09 
0.0276709 17601 5414.41 0.137715 5.72782e-09 
0.0276702 17601.5 5414.25 0.13765 5.76589e-09 
0.0276684 17602.6 5413.84 0.13749 5.85892e-09 
0.0276641 17605.4 5412.85 0.137124 6.06902e-09 
0.0276645 17605.4 5412.85 0.137124 6.06902e-09 
0.0276637 17605.4 5412.85 0.137124 6.06902e-09 
0.0276641 17605.6 5412.85 0.137124 6.06902e-09 
0.0276641 17605.1 5412.85 0.137124 6.06902e-09 
0.0276641 17605.4 5412.92 0.137124 6.06902e-09 
0.0276641 17605.4 5412.79 0.137124 6.06902e-09 
0.0276641 17605.4 5412.85 0.137063 6.06902e-09 
0.0276641 17605.4 5412.85 0.137185 6.06902e-09 
0.0276641 17605.4 5412.85 0.137124 6.84616e-09 
0.0276641 17605.4 5412.85 0.137124 4.65432e-09 
0.0276683 17605.1 5413.17 0.136594 6.36056e-09 
0.0276853 17604 5414.46 0.135212 6.92887e-09 
0.0276982 17603.1 5415.43 0.135026 6.66e-09 
0.0276912 17603.6 5414.9 0.135032 6.88162e-09 
0.0276916 17603.6 5414.9 0.135032 6.88162e-09 
0.0276907 17603.6 5414.9 0.135032 6.88162e-09 
0.0276912 17603.8 5414.9 0.135032 6.88162e-09 
0.0276912 17603.3 5414.9 0.135032 6.88162e-09 
0.0276912 17603.6 5414.97 0.135032 6.88162e-09 
0.0276912 17603.6 5414.84 0.135032 6.88162e-09 
0.0276912 17603.6 5414.9 0.135024 6.88162e-09 
0.0276912 17603.6 5414.9 0.135041 6.88162e-09 
0.0276912 17603.6 5414.9 0.135032 6.18674e-09 
0.0276912 17603.6 5414.9 0.135032 6.73999e-09 
0.0276875 17601.1 5415.28 0.135005 6.82899e-09 
0.0276864 17600.4 5415.38 0.135001 6.81037e-09 
0.0276868 17600.4 5415.38 0.135001 6.81037e-09 
0.027686 17600.4 5415.38 0.135001 6.81037e-09 
0.0276864 17600.6 5415.38 0.135001 6.81037e-09 
0.0276864 17600.1 5415.38 0.135001 6.81037e-09 
0.0276864 17600.4 5415.45 0.135001 6.81037e-09 
0.0276864 17600.4 5415.32 0.135001 6.81037e-09 
0.0276864 17600.4 5415.38 0.135 6.81037e-09 
0.0276864 17600.4 5415.38 0.135004 6.81037e-09 
0.0276864 17600.4 5415.38 0.135001 5.96809e-09 
0.0276864 17600.4 5415.38 0.135001 6.83358e-09 
0.027686 17601 5415.2 0.135 6.79248e-09 
0.0276859 17601.2 5415.16 0.135 6.78805e-09 
0.0276863 17601.2 5415.16 0.135 6.78805e-09 
0.0276855 17601.2 5415.16 0.135 6.78805e-09 
0.0276859 17601.4 5415.16 0.135 6.78805e-09 
0.0276859 17600.9 5415.16 0.135 6.78805e-09 
0.0276859 17601.2 5415.22 0.135 6.78805e-09 
0.0276859 17601.2 5415.09 0.135 6.78805e-09 
0.0276859 17601.2 5415.16 0.135001 6.78805e-09 
0.0276859 17601.2 5415.16 0.135001 6.78805e-09 
0.0276859 17601.2 5415.16 0.135 5.91064e-09 
0.0276859 17601.2 5415.16 0.135 6.85186e-09 
0.0276858 17601.2 5415.16 0.135 6.79026e-09 
0.0276858 17601.2 5415.16 0.135 6.7897e-09 
0.0276862 17601.2 5415.16 0.135 6.7897e-09 
0.0276854 17601.2 5415.16 0.135 6.7897e-09 
0.0276858 17601.4 5415.16 0.135 6.7897e-09 
0.0276858 17600.9 5415.16 0.135 6.7897e-09 
0.0276858 17601.2 5415.22 0.135 6.7897e-09 
0.0276858 17601.2 5415.09 0.135 6.7897e-09 
0.0276858 17601.2 5415.16 0.135001 6.7897e-09 
0.0276858 17601.2 5415.16 0.135001 6.7897e-09 
0.0276858 17601.2 5415.16 0.135 5.91477e-09 
0.0276858 17601.2 5415.16 0.135 6.85062e-09 
