Check picture of fits. Some fits may need to be performed manually.
Keep in the order of the fits compared to any Excel sheets or filtering scripts.
E_SuNB1
     232.5   290.168
    1416.5   702.044
    3487.5   3446.64
E_SuNB2
      65.5   1467.09
     210.5   269.558
     605.5   598.703
     743.5  -1537.14
    1200.5   930.027
    1284.5   1246.14
    1496.5   1458.21
    3602.5   3614.75
E_SuNB3
     229.5   307.025
     611.5   541.207
    1278.5   775.038
    1282.5   719.446
    1529.5   1470.76
E_SuNB4
     210.5   263.898
    1274.5   716.118
    1276.5   148.996
    1462.5  -3318.82
    1466.5  -388.844
    1469.5  -376.096
    1474.5  -5.23757
    3647.5    3627.4
E_SuNT1
       1.5  -1522.61
     243.5   319.412
    1432.5   1406.68
    3444.5   3404.68
E_SuNT2
     223.5   272.684
     606.5   587.966
     744.5  -656.032
    1257.5    1340.8
    1457.5   1448.85
    3512.5   3493.77
E_SuNT3
     247.5   402.677
     595.5   514.826
    1248.5   1323.98
    1457.5   1424.57
E_SuNT4
      45.5   1409.09
     220.5   320.027
    1380.5    1347.9
    3320.5   3276.99
