1 60 
2 101 
3 108 
4 96 
5 88 
6 113 
7 101 
8 97 
9 99 
10 102 
11 93 
12 93 
13 104 
14 91 
15 95 
16 107 
17 104 
18 103 
19 97 
20 91 
21 88 
22 85 
23 101 
24 101 
25 80 
26 105 
27 83 
28 108 
29 98 
30 73 
31 89 
32 92 
33 94 
34 94 
35 87 
36 74 
37 63 
38 77 
39 90 
40 91 
41 81 
42 88 
43 95 
44 85 
45 77 
46 86 
47 74 
48 95 
49 90 
50 72 
51 76 
52 74 
53 90 
54 83 
55 67 
56 71 
57 65 
58 58 
59 88 
60 55 
61 76 
62 90 
63 77 
64 83 
65 61 
66 84 
67 47 
68 60 
69 66 
70 83 
71 63 
72 78 
73 83 
74 68 
75 69 
76 61 
77 67 
78 70 
79 57 
80 79 
81 58 
82 52 
83 75 
84 74 
85 87 
86 45 
87 58 
88 64 
89 56 
90 65 
91 52 
92 62 
93 58 
94 60 
95 53 
96 55 
97 67 
98 69 
99 56 
100 67 
101 54 
102 54 
103 73 
104 57 
105 72 
106 63 
107 60 
108 65 
109 51 
110 57 
111 57 
112 57 
113 70 
114 53 
115 52 
116 54 
117 60 
118 57 
119 58 
120 55 
121 69 
122 62 
123 68 
124 47 
125 57 
126 47 
127 59 
128 53 
129 46 
130 52 
131 65 
132 47 
133 49 
134 52 
135 47 
136 54 
137 54 
138 48 
139 58 
140 52 
141 44 
142 46 
143 57 
144 42 
145 55 
146 53 
147 63 
148 63 
149 55 
150 58 
151 58 
152 49 
153 58 
154 44 
155 35 
156 56 
157 45 
158 58 
159 57 
160 43 
161 40 
162 38 
163 55 
164 34 
165 51 
166 55 
167 47 
168 45 
169 47 
170 37 
171 49 
172 44 
173 49 
174 40 
175 42 
176 46 
177 37 
178 41 
179 40 
180 41 
181 41 
182 42 
183 45 
184 51 
185 47 
186 58 
187 54 
188 42 
189 46 
190 38 
191 38 
192 46 
193 35 
194 43 
195 39 
196 31 
197 61 
198 37 
199 47 
200 45 
201 38 
202 35 
203 52 
204 54 
205 40 
206 35 
207 39 
208 40 
209 29 
210 46 
211 47 
212 32 
213 28 
214 29 
215 29 
216 37 
217 48 
218 35 
219 37 
220 37 
221 30 
222 31 
223 37 
224 40 
225 40 
226 30 
227 37 
228 43 
229 31 
230 37 
231 34 
232 44 
233 31 
234 38 
235 36 
236 35 
237 41 
238 24 
239 37 
240 38 
241 37 
242 40 
243 37 
244 51 
245 42 
246 34 
247 33 
248 36 
249 33 
250 30 
251 45 
252 26 
253 41 
254 38 
255 27 
256 30 
257 42 
258 32 
259 33 
260 49 
261 41 
262 36 
263 37 
264 35 
265 37 
266 33 
267 31 
268 37 
269 38 
270 27 
271 30 
272 34 
273 39 
274 40 
275 46 
276 30 
277 33 
278 35 
279 29 
280 34 
281 39 
282 44 
283 31 
284 30 
285 32 
286 29 
287 34 
288 34 
289 23 
290 32 
291 25 
292 21 
293 27 
294 26 
295 36 
296 31 
297 33 
298 32 
299 29 
300 32 
301 29 
302 29 
303 38 
304 26 
305 31 
306 34 
307 23 
308 36 
309 34 
310 39 
311 32 
312 33 
313 38 
314 27 
315 37 
316 22 
317 28 
318 28 
319 34 
320 27 
321 36 
322 41 
323 31 
324 34 
325 27 
326 42 
327 36 
328 46 
329 34 
330 26 
331 27 
332 31 
333 31 
334 34 
335 22 
336 38 
337 31 
338 30 
339 25 
340 24 
341 24 
342 36 
343 30 
344 37 
345 36 
346 30 
347 18 
348 34 
349 45 
350 39 
351 42 
352 36 
353 25 
354 32 
355 37 
356 26 
357 38 
358 29 
359 35 
360 29 
361 16 
362 28 
363 34 
364 25 
365 33 
366 23 
367 27 
368 31 
369 25 
370 29 
371 28 
372 28 
373 32 
374 32 
375 35 
376 28 
377 32 
378 32 
379 24 
380 28 
381 36 
382 22 
383 29 
384 27 
385 32 
386 32 
387 25 
388 24 
389 28 
390 20 
391 28 
392 45 
393 37 
394 32 
395 24 
396 31 
397 25 
398 22 
399 34 
400 33 
401 24 
402 30 
403 24 
404 32 
405 33 
406 35 
407 28 
408 33 
409 30 
410 32 
411 24 
412 28 
413 25 
414 24 
415 35 
416 29 
417 21 
418 21 
419 22 
420 26 
421 35 
422 36 
423 28 
424 30 
425 27 
426 25 
427 27 
428 30 
429 25 
430 26 
431 16 
432 27 
433 25 
434 30 
435 26 
436 27 
437 29 
438 29 
439 21 
440 26 
441 22 
442 36 
443 21 
444 20 
445 32 
446 23 
447 36 
448 32 
449 26 
450 14 
451 17 
452 24 
453 20 
454 32 
455 22 
456 17 
457 32 
458 21 
459 22 
460 23 
461 23 
462 24 
463 20 
464 19 
465 26 
466 34 
467 28 
468 16 
469 35 
470 30 
471 24 
472 20 
473 18 
474 28 
475 17 
476 22 
477 31 
478 26 
479 21 
480 17 
481 25 
482 29 
483 32 
484 27 
485 29 
486 29 
487 24 
488 27 
489 28 
490 25 
491 25 
492 36 
493 32 
494 30 
495 31 
496 23 
497 25 
498 22 
499 29 
500 45 
501 28 
502 25 
503 31 
504 27 
505 25 
506 27 
507 29 
508 26 
509 28 
510 37 
511 22 
512 16 
513 30 
514 24 
515 23 
516 27 
517 29 
518 28 
519 22 
520 22 
521 27 
522 14 
523 22 
524 20 
525 23 
526 31 
527 25 
528 29 
529 31 
530 27 
531 26 
532 26 
533 35 
534 28 
535 25 
536 28 
537 30 
538 25 
539 21 
540 18 
541 27 
542 18 
543 19 
544 22 
545 31 
546 25 
547 23 
548 27 
549 26 
550 23 
551 19 
552 25 
553 26 
554 26 
555 19 
556 28 
557 35 
558 32 
559 28 
560 20 
561 28 
562 34 
563 25 
564 25 
565 19 
566 15 
567 25 
568 25 
569 22 
570 27 
571 29 
572 32 
573 31 
574 30 
575 27 
576 21 
577 26 
578 26 
579 27 
580 35 
581 21 
582 24 
583 19 
584 14 
585 21 
586 20 
587 23 
588 24 
589 25 
590 40 
591 29 
592 30 
593 23 
594 25 
595 23 
596 28 
597 23 
598 18 
599 25 
600 32 
601 24 
602 23 
603 21 
604 21 
605 24 
606 25 
607 21 
608 31 
609 29 
610 35 
611 24 
612 30 
613 22 
614 19 
615 22 
616 18 
617 11 
618 15 
619 36 
620 28 
621 27 
622 37 
623 22 
624 23 
625 18 
626 33 
627 27 
628 29 
629 31 
630 25 
631 30 
632 24 
633 25 
634 26 
635 20 
636 31 
637 21 
638 23 
639 28 
640 23 
641 34 
642 25 
643 16 
644 33 
645 22 
646 20 
647 34 
648 26 
649 29 
650 23 
651 22 
652 23 
653 21 
654 30 
655 19 
656 20 
657 27 
658 29 
659 20 
660 30 
661 38 
662 34 
663 22 
664 25 
665 32 
666 25 
667 22 
668 27 
669 21 
670 20 
671 24 
672 20 
673 22 
674 22 
675 20 
676 30 
677 22 
678 27 
679 19 
680 31 
681 22 
682 14 
683 21 
684 20 
685 20 
686 25 
687 18 
688 32 
689 27 
690 20 
691 25 
692 24 
693 20 
694 21 
695 26 
696 19 
697 21 
698 20 
699 19 
700 31 
701 18 
702 22 
703 27 
704 27 
705 26 
706 25 
707 30 
708 28 
709 25 
710 28 
711 19 
712 24 
713 25 
714 30 
715 15 
716 27 
717 24 
718 27 
719 24 
720 25 
721 28 
722 24 
723 22 
724 24 
725 23 
726 25 
727 25 
728 13 
729 23 
730 29 
731 23 
732 30 
733 21 
734 28 
735 21 
736 31 
737 27 
738 31 
739 29 
740 31 
741 19 
742 22 
743 32 
744 34 
745 22 
746 17 
747 25 
748 32 
749 19 
750 18 
751 19 
752 19 
753 19 
754 19 
755 20 
756 23 
757 18 
758 31 
759 33 
760 26 
761 23 
762 25 
763 24 
764 27 
765 28 
766 27 
767 20 
768 23 
769 25 
770 31 
771 21 
772 27 
773 28 
774 25 
775 23 
776 30 
777 27 
778 24 
779 23 
780 21 
781 19 
782 26 
783 20 
784 22 
785 24 
786 21 
787 31 
788 19 
789 34 
790 25 
791 21 
792 19 
793 21 
794 20 
795 25 
796 20 
797 17 
798 26 
799 19 
800 20 
801 19 
802 32 
803 16 
804 21 
805 24 
806 22 
807 21 
808 22 
809 22 
810 29 
811 27 
812 21 
813 22 
814 20 
815 21 
816 28 
817 16 
818 22 
819 20 
820 28 
821 21 
822 22 
823 25 
824 31 
825 38 
826 22 
827 21 
828 26 
829 33 
830 24 
831 28 
832 27 
833 31 
834 23 
835 27 
836 17 
837 18 
838 25 
839 24 
840 23 
841 26 
842 26 
843 30 
844 28 
845 24 
846 27 
847 31 
848 22 
849 21 
850 26 
851 16 
852 15 
853 22 
854 21 
855 23 
856 28 
857 26 
858 29 
859 25 
860 34 
861 29 
862 22 
863 20 
864 28 
865 22 
866 28 
867 26 
868 22 
869 23 
870 30 
871 27 
872 25 
873 25 
874 25 
875 22 
876 23 
877 26 
878 24 
879 22 
880 27 
881 15 
882 31 
883 23 
884 22 
885 13 
886 20 
887 23 
888 19 
889 17 
890 23 
891 25 
892 19 
893 24 
894 16 
895 27 
896 31 
897 34 
898 20 
899 22 
900 26 
901 28 
902 19 
903 24 
904 27 
905 25 
906 22 
907 25 
908 23 
909 24 
910 26 
911 21 
912 27 
913 21 
914 32 
915 24 
916 21 
917 27 
918 25 
919 31 
920 26 
921 22 
922 32 
923 39 
924 25 
925 28 
926 16 
927 27 
928 15 
929 19 
930 31 
931 18 
932 24 
933 20 
934 26 
935 24 
936 29 
937 29 
938 23 
939 18 
940 26 
941 20 
942 23 
943 18 
944 23 
945 28 
946 29 
947 30 
948 21 
949 20 
950 29 
951 29 
952 18 
953 18 
954 23 
955 18 
956 23 
957 28 
958 23 
959 21 
960 20 
961 23 
962 26 
963 22 
964 28 
965 36 
966 24 
967 30 
968 20 
969 14 
970 19 
971 26 
972 28 
973 20 
974 25 
975 22 
976 22 
977 20 
978 26 
979 16 
980 23 
981 26 
982 17 
983 25 
984 18 
985 23 
986 29 
987 18 
988 21 
989 19 
990 28 
991 27 
992 27 
993 30 
994 27 
995 21 
996 26 
997 24 
998 15 
999 23 
1000 22 
