1 2670 
2 3860 
3 3704 
4 3706 
5 3773 
6 3682 
7 3702 
8 3589 
9 3497 
10 3489 
11 3481 
12 3427 
13 3477 
14 3301 
15 3297 
16 3254 
17 3222 
18 3235 
19 3158 
20 3130 
21 3093 
22 3034 
23 3030 
24 2909 
25 3016 
26 2938 
27 2824 
28 2946 
29 2862 
30 2845 
31 2823 
32 2724 
33 2797 
34 2787 
35 2650 
36 2771 
37 2576 
38 2575 
39 2560 
40 2564 
41 2527 
42 2522 
43 2474 
44 2474 
45 2496 
46 2549 
47 2510 
48 2398 
49 2361 
50 2308 
51 2335 
52 2350 
53 2287 
54 2279 
55 2202 
56 2253 
57 2279 
58 2233 
59 2211 
60 2179 
61 2111 
62 2119 
63 2003 
64 2106 
65 2087 
66 2073 
67 2040 
68 2026 
69 2008 
70 2005 
71 1975 
72 2019 
73 1960 
74 1929 
75 1896 
76 1930 
77 1952 
78 1779 
79 1928 
80 1779 
81 1796 
82 1797 
83 1838 
84 1802 
85 1805 
86 1719 
87 1792 
88 1711 
89 1824 
90 1802 
91 1674 
92 1685 
93 1692 
94 1671 
95 1653 
96 1624 
97 1636 
98 1625 
99 1549 
100 1591 
101 1628 
102 1547 
103 1555 
104 1518 
105 1611 
106 1449 
107 1487 
108 1532 
109 1493 
110 1526 
111 1460 
112 1477 
113 1433 
114 1501 
115 1426 
116 1403 
117 1414 
118 1415 
119 1371 
120 1424 
121 1407 
122 1339 
123 1384 
124 1336 
125 1361 
126 1317 
127 1342 
128 1336 
129 1297 
130 1405 
131 1396 
132 1344 
133 1307 
134 1298 
135 1296 
136 1300 
137 1281 
138 1296 
139 1302 
140 1271 
141 1220 
142 1227 
143 1263 
144 1248 
145 1234 
146 1230 
147 1229 
148 1185 
149 1185 
150 1180 
151 1212 
152 1192 
153 1172 
154 1295 
155 1171 
156 1172 
157 1154 
158 1223 
159 1210 
160 1189 
161 1155 
162 1184 
163 1190 
164 1172 
165 1132 
166 1080 
167 1074 
168 1141 
169 1167 
170 1110 
171 1122 
172 1089 
173 1090 
174 1082 
175 1119 
176 1148 
177 1032 
178 1078 
179 1082 
180 1075 
181 1077 
182 1041 
183 1091 
184 1089 
185 1071 
186 1064 
187 1073 
188 1005 
189 984 
190 1010 
191 1053 
192 1036 
193 998 
194 973 
195 1043 
196 1013 
197 981 
198 975 
199 927 
200 992 
201 982 
202 953 
203 1015 
204 1018 
205 1010 
206 990 
207 1050 
208 977 
209 996 
210 1005 
211 964 
212 1015 
213 1005 
214 935 
215 1021 
216 908 
217 943 
218 923 
219 1040 
220 941 
221 963 
222 962 
223 896 
224 959 
225 999 
226 915 
227 943 
228 902 
229 907 
230 902 
231 898 
232 928 
233 929 
234 868 
235 904 
236 916 
237 884 
238 916 
239 922 
240 958 
241 936 
242 872 
243 925 
244 952 
245 852 
246 894 
247 902 
248 872 
249 922 
250 870 
251 874 
252 815 
253 878 
254 905 
255 869 
256 919 
257 882 
258 878 
259 901 
260 959 
261 931 
262 848 
263 844 
264 852 
265 848 
266 863 
267 851 
268 869 
269 847 
270 851 
271 874 
272 865 
273 842 
274 821 
275 845 
276 857 
277 844 
278 837 
279 858 
280 843 
281 906 
282 802 
283 843 
284 874 
285 881 
286 853 
287 841 
288 813 
289 832 
290 866 
291 833 
292 867 
293 806 
294 810 
295 849 
296 814 
297 789 
298 797 
299 785 
300 863 
301 807 
302 854 
303 811 
304 835 
305 810 
306 795 
307 831 
308 870 
309 838 
310 886 
311 884 
312 782 
313 848 
314 860 
315 815 
316 862 
317 855 
318 740 
319 783 
320 833 
321 814 
322 808 
323 790 
324 807 
325 844 
326 817 
327 783 
328 787 
329 777 
330 750 
331 786 
332 816 
333 762 
334 787 
335 770 
336 767 
337 782 
338 729 
339 808 
340 817 
341 804 
342 825 
343 802 
344 836 
345 789 
346 769 
347 767 
348 787 
349 819 
350 798 
351 790 
352 813 
353 780 
354 779 
355 737 
356 743 
357 805 
358 790 
359 745 
360 749 
361 765 
362 740 
363 803 
364 799 
365 729 
366 744 
367 730 
368 758 
369 714 
370 768 
371 772 
372 723 
373 748 
374 791 
375 790 
376 803 
377 768 
378 764 
379 736 
380 744 
381 779 
382 713 
383 752 
384 769 
385 736 
386 748 
387 796 
388 759 
389 712 
390 720 
391 772 
392 744 
393 743 
394 834 
395 733 
396 788 
397 724 
398 711 
399 757 
400 747 
401 688 
402 741 
403 776 
404 678 
405 745 
406 775 
407 766 
408 766 
409 765 
410 765 
411 766 
412 749 
413 740 
414 754 
415 724 
416 745 
417 700 
418 741 
419 720 
420 728 
421 698 
422 753 
423 725 
424 710 
425 693 
426 766 
427 696 
428 765 
429 739 
430 720 
431 717 
432 720 
433 722 
434 733 
435 738 
436 668 
437 737 
438 666 
439 751 
440 751 
441 749 
442 760 
443 737 
444 699 
445 691 
446 744 
447 745 
448 759 
449 734 
450 711 
451 719 
452 677 
453 726 
454 710 
455 707 
456 728 
457 762 
458 742 
459 743 
460 776 
461 717 
462 740 
463 732 
464 728 
465 743 
466 741 
467 732 
468 707 
469 664 
470 699 
471 751 
472 757 
473 731 
474 729 
475 722 
476 765 
477 726 
478 695 
479 712 
480 692 
481 686 
482 735 
483 706 
484 667 
485 706 
486 699 
487 701 
488 721 
489 720 
490 688 
491 724 
492 708 
493 720 
494 629 
495 742 
496 702 
497 683 
498 690 
499 699 
500 714 
501 636 
502 671 
503 715 
504 714 
505 689 
506 701 
507 680 
508 669 
509 641 
510 664 
511 722 
512 678 
513 713 
514 700 
515 703 
516 705 
517 679 
518 656 
519 675 
520 690 
521 699 
522 729 
523 645 
524 672 
525 726 
526 667 
527 656 
528 671 
529 695 
530 651 
531 695 
532 694 
533 720 
534 722 
535 654 
536 636 
537 674 
538 668 
539 665 
540 666 
541 679 
542 684 
543 678 
544 683 
545 694 
546 690 
547 647 
548 670 
549 649 
550 671 
551 733 
552 632 
553 664 
554 712 
555 664 
556 646 
557 701 
558 712 
559 684 
560 656 
561 700 
562 630 
563 610 
564 663 
565 679 
566 664 
567 661 
568 634 
569 615 
570 672 
571 716 
572 668 
573 687 
574 658 
575 665 
576 650 
577 637 
578 707 
579 663 
580 678 
581 677 
582 658 
583 641 
584 700 
585 682 
586 658 
587 637 
588 661 
589 642 
590 641 
591 652 
592 657 
593 675 
594 646 
595 608 
596 689 
597 677 
598 684 
599 663 
600 641 
601 666 
602 680 
603 614 
604 648 
605 636 
606 661 
607 601 
608 632 
609 612 
610 608 
611 684 
612 657 
613 634 
614 685 
615 690 
616 650 
617 641 
618 632 
619 646 
620 619 
621 706 
622 661 
623 609 
624 620 
625 644 
626 646 
627 665 
628 635 
629 682 
630 611 
631 657 
632 690 
633 568 
634 647 
635 573 
636 634 
637 659 
638 651 
639 635 
640 678 
641 589 
642 630 
643 638 
644 638 
645 621 
646 669 
647 593 
648 634 
649 628 
650 623 
651 646 
652 608 
653 596 
654 612 
655 603 
656 651 
657 609 
658 632 
659 707 
660 650 
661 623 
662 640 
663 590 
664 616 
665 639 
666 614 
667 586 
668 632 
669 660 
670 623 
671 653 
672 629 
673 711 
674 564 
675 669 
676 675 
677 644 
678 642 
679 624 
680 611 
681 645 
682 592 
683 541 
684 655 
685 656 
686 598 
687 609 
688 646 
689 598 
690 589 
691 591 
692 627 
693 595 
694 625 
695 633 
696 642 
697 653 
698 624 
699 584 
700 571 
701 657 
702 610 
703 647 
704 657 
705 649 
706 625 
707 598 
708 576 
709 635 
710 604 
711 609 
712 615 
713 652 
714 605 
715 635 
716 580 
717 620 
718 567 
719 609 
720 635 
721 610 
722 587 
723 606 
724 598 
725 591 
726 572 
727 603 
728 607 
729 601 
730 643 
731 565 
732 593 
733 611 
734 571 
735 568 
736 599 
737 612 
738 576 
739 604 
740 659 
741 616 
742 599 
743 613 
744 564 
745 613 
746 612 
747 614 
748 614 
749 612 
750 649 
751 592 
752 612 
753 569 
754 589 
755 611 
756 555 
757 634 
758 601 
759 585 
760 652 
761 612 
762 595 
763 627 
764 590 
765 582 
766 598 
767 639 
768 595 
769 569 
770 572 
771 606 
772 584 
773 567 
774 617 
775 599 
776 647 
777 603 
778 566 
779 616 
780 628 
781 584 
782 605 
783 602 
784 585 
785 601 
786 545 
787 572 
788 612 
789 618 
790 594 
791 631 
792 542 
793 580 
794 597 
795 593 
796 575 
797 553 
798 601 
799 552 
800 542 
801 608 
802 580 
803 598 
804 571 
805 579 
806 570 
807 597 
808 567 
809 568 
810 601 
811 572 
812 592 
813 543 
814 575 
815 565 
816 579 
817 594 
818 600 
819 558 
820 580 
821 605 
822 582 
823 549 
824 601 
825 569 
826 580 
827 595 
828 603 
829 582 
830 605 
831 615 
832 533 
833 573 
834 593 
835 570 
836 572 
837 608 
838 582 
839 605 
840 557 
841 545 
842 557 
843 583 
844 576 
845 578 
846 545 
847 604 
848 570 
849 580 
850 580 
851 597 
852 547 
853 554 
854 541 
855 572 
856 580 
857 577 
858 576 
859 549 
860 559 
861 563 
862 569 
863 556 
864 548 
865 600 
866 564 
867 570 
868 559 
869 593 
870 603 
871 564 
872 561 
873 531 
874 586 
875 568 
876 541 
877 598 
878 602 
879 566 
880 516 
881 565 
882 533 
883 569 
884 562 
885 563 
886 536 
887 488 
888 503 
889 535 
890 583 
891 560 
892 535 
893 554 
894 598 
895 572 
896 569 
897 542 
898 553 
899 531 
900 532 
901 555 
902 575 
903 610 
904 559 
905 541 
906 553 
907 564 
908 535 
909 573 
910 565 
911 594 
912 548 
913 543 
914 560 
915 566 
916 560 
917 558 
918 542 
919 585 
920 550 
921 551 
922 521 
923 534 
924 530 
925 616 
926 553 
927 527 
928 500 
929 580 
930 531 
931 532 
932 520 
933 547 
934 551 
935 574 
936 546 
937 532 
938 530 
939 566 
940 551 
941 530 
942 529 
943 574 
944 554 
945 538 
946 550 
947 566 
948 548 
949 560 
950 554 
951 498 
952 542 
953 552 
954 563 
955 574 
956 540 
957 575 
958 558 
959 538 
960 537 
961 570 
962 512 
963 531 
964 557 
965 540 
966 487 
967 521 
968 559 
969 530 
970 491 
971 576 
972 550 
973 541 
974 516 
975 524 
976 535 
977 581 
978 517 
979 541 
980 537 
981 523 
982 538 
983 513 
984 549 
985 544 
986 513 
987 529 
988 516 
989 530 
990 532 
991 517 
992 547 
993 545 
994 541 
995 548 
996 499 
997 515 
998 541 
999 517 
1000 573 
